$Basis = GFN1-xTB-cc-pvtz
$ ----------------------------------------------------------------------------
$ GFN1-xTB-M secondary (dual) basis derived from the Dunning cc-pvtz set.
$ Numerical exponents/coefficients are from the Basis Set Exchange
$ (https://www.basissetexchange.org), redistributed under CC-BY-4.0 with
$ attribution to T. H. Dunning Jr. et al. (cc-pVnZ) and ccRepo/Grant Hill.
$ Per (element, angular momentum) the GFN1-valence contraction is selected by
$ radial-node matching to the GFN1 primary shell, then sign-matched to the GFN1
$ phase (the overall sign is physically irrelevant for the quadratic M1 kinetic-
$ energy correction and multipole moments). Regenerated by
$ scripts/gen_secondary_basis.py validate-full -> generate; NOT copied from any SI.
$ Z=1..36 use the all-electron set and reproduce the published GFN1-xTB-cc-pVDZ
$ secondary basis exactly. Z>=37 use the pseudopotential (-PP) basis with the GFN1
$ shell structure from param_gfn1-xtb.txt (ao= line); these heavy-element bases are
$ best-effort (correct #shells per l, lowest-node PP valence) and structure-
$ validated only (no published reference exists for Z>=37).
$ ----------------------------------------------------------------------------
a 1
$ Z=1
$ S-TYPE FUNCTIONS
     7   2  0
       10.25628607        0.00000000       -0.05994475
        7.61199721        0.05675242       -0.05576548
        1.39290171        0.26014136       -0.25561740
        0.62279653        0.00000000        0.59603854
        0.38696335        0.53284611       -0.52357973
        0.23910077        0.00000000        0.45817863
        0.12842966        0.29162544       -0.28655397
a 2
$ Z=2
$ S-TYPE FUNCTIONS
     6   1  0
      234.00000000        0.00258700
       35.16000000        0.01953300
        7.98900000        0.09099800
        2.21200000        0.27205000
        0.66690000        0.47806500
        0.20890000        0.30773700
a 3
$ Z=3
$ S-TYPE FUNCTIONS
    11   1  0
     5988.00000000       -0.00002100
      898.90000000       -0.00016100
      205.90000000       -0.00082000
       59.24000000       -0.00332600
       19.87000000       -0.01051900
        7.40600000       -0.02809700
        2.93000000       -0.05593600
        1.18900000       -0.09923700
        0.47980000       -0.11218900
        0.07509000        0.56788900
        0.02832000        0.53038200
$ P-TYPE FUNCTIONS
     5   1  0
        3.26600000        0.00863000
        0.65110000        0.04753800
        0.16960000        0.20977200
        0.05578000        0.52852200
        0.02050000        0.38274400
a 4
$ Z=4
$ S-TYPE FUNCTIONS
    11   1  0
     6863.00000000       -0.00004300
     1030.00000000       -0.00033300
      234.70000000       -0.00173600
       66.56000000       -0.00701200
       21.69000000       -0.02312600
        7.73400000       -0.05813800
        2.91600000       -0.11455600
        1.13000000       -0.13590800
        0.25770000        0.22802600
        0.11010000        0.57744100
        0.04409000        0.31787300
$ P-TYPE FUNCTIONS
     5   1  0
        7.43600000        0.01073600
        1.57700000        0.06285400
        0.43520000        0.24818000
        0.14380000        0.52369900
        0.04994000        0.35342500
a 5
$ Z=5
$ S-TYPE FUNCTIONS
    10   1  0
     5473.00000000       -0.00011200
      820.90000000       -0.00086800
      186.80000000       -0.00448400
       52.83000000       -0.01768300
       17.08000000       -0.05363900
        5.99900000       -0.11900500
        2.20800000       -0.16582400
        0.58790000        0.12010700
        0.24150000        0.59598100
        0.08610000        0.41102100
$ P-TYPE FUNCTIONS
     5   1  0
       12.05000000        0.01311800
        2.61300000        0.07989600
        0.74750000        0.27727500
        0.23850000        0.50427000
        0.07698000        0.35368000
a 6
$ Z=6
$ S-TYPE FUNCTIONS
    10   1  0
     8236.00000000       -0.00011300
     1235.00000000       -0.00087800
      280.80000000       -0.00454000
       79.27000000       -0.01813300
       25.59000000       -0.05576000
        8.99700000       -0.12689500
        3.31900000       -0.17035200
        0.90590000        0.14038200
        0.36430000        0.59868400
        0.12850000        0.39538900
$ P-TYPE FUNCTIONS
     5   1  0
       18.71000000        0.01403100
        4.13300000        0.08686600
        1.20000000        0.29021600
        0.38270000        0.50100800
        0.12090000        0.34340600
a 7
$ Z=7
$ S-TYPE FUNCTIONS
    10   1  0
    11420.00000000       -0.00011500
     1712.00000000       -0.00089500
      389.30000000       -0.00462400
      110.00000000       -0.01852800
       35.57000000       -0.05733900
       12.54000000       -0.13207600
        4.64400000       -0.17251000
        1.29300000        0.15181400
        0.51180000        0.59994400
        0.17870000        0.38746200
$ P-TYPE FUNCTIONS
     5   1  0
       26.63000000        0.01467000
        5.94800000        0.09176400
        1.74200000        0.29868300
        0.55500000        0.49848700
        0.17250000        0.33702300
a 8
$ Z=8
$ S-TYPE FUNCTIONS
    10   1  0
    15330.00000000       -0.00011500
     2299.00000000       -0.00089500
      522.40000000       -0.00463600
      147.30000000       -0.01872400
       47.55000000       -0.05846300
       16.76000000       -0.13646300
        6.20700000       -0.17574000
        1.75200000        0.16093400
        0.68820000        0.60341800
        0.23840000        0.37876500
$ P-TYPE FUNCTIONS
     5   1  0
       34.46000000        0.01592800
        7.74900000        0.09974000
        2.28000000        0.31049200
        0.71560000        0.49102600
        0.21400000        0.33633700
a 9
$ Z=9
$ S-TYPE FUNCTIONS
    10   1  0
    19500.00000000       -0.00011700
     2923.00000000       -0.00091200
      664.50000000       -0.00471700
      187.50000000       -0.01908600
       60.62000000       -0.05965500
       21.42000000       -0.14001000
        7.95000000       -0.17678200
        2.25700000        0.17162500
        0.88150000        0.60504300
        0.30410000        0.36951200
$ P-TYPE FUNCTIONS
     5   1  0
       43.88000000        0.01666500
        9.92600000        0.10447200
        2.93000000        0.31726000
        0.91320000        0.48734300
        0.26720000        0.33460400
a 10
$ Z=10
$ S-TYPE FUNCTIONS
    10   1  0
    24350.00000000       -0.00011800
     3650.00000000       -0.00091500
      829.60000000       -0.00473700
      234.00000000       -0.01923300
       75.61000000       -0.06036900
       26.73000000       -0.14250800
        9.92700000       -0.17771000
        2.83600000        0.17735200
        1.10200000        0.60583600
        0.37820000        0.36510900
$ P-TYPE FUNCTIONS
     5   1  0
       54.70000000        0.01715100
       12.43000000        0.10765600
        3.67900000        0.32168100
        1.14300000        0.48523200
        0.33000000        0.33258400
$ D-TYPE FUNCTIONS
     1   1  0
        2.20200000        1.00000000
a 11
$ Z=11
$ S-TYPE FUNCTIONS
    16   1  0
   423000.00000000        0.00000066
    63340.00000000        0.00000516
    14410.00000000        0.00002712
     4077.00000000        0.00011464
     1328.00000000        0.00041512
      478.60000000        0.00132978
      186.20000000        0.00375595
       76.92000000        0.00914025
       33.32000000        0.01798590
       15.00000000        0.02514770
        6.86900000        0.00763522
        2.68300000       -0.06145890
        1.10900000       -0.11572100
        0.45400000       -0.15890600
        0.06015000        0.62640600
        0.02382000        0.47540200
$ P-TYPE FUNCTIONS
    10   1  0
      243.30000000       -0.00022240
       57.39000000       -0.00174277
       18.10000000       -0.00775456
        6.57500000       -0.02251870
        2.52100000       -0.03843300
        0.96070000       -0.04501770
        0.35120000       -0.01921320
        0.09827000        0.18269700
        0.03734000        0.55789700
        0.01500000        0.37302200
a 12
$ Z=12
$ S-TYPE FUNCTIONS
    15   1  0
   164900.00000000        0.00000355
    24710.00000000        0.00002764
     5628.00000000        0.00014440
     1596.00000000        0.00060574
      521.00000000        0.00213527
      188.00000000        0.00649934
       73.01000000        0.01614460
       29.90000000        0.03157660
       12.54000000        0.03163740
        4.30600000       -0.04391400
        1.82600000       -0.15109300
        0.74170000       -0.21766800
        0.14570000        0.25980700
        0.07612000        0.54724500
        0.03310000        0.32591000
$ P-TYPE FUNCTIONS
    10   1  0
      316.90000000       -0.00032973
       74.86000000       -0.00258754
       23.72000000       -0.01191200
        8.66900000       -0.03502270
        3.36300000       -0.06399680
        1.31000000       -0.07044360
        0.49110000       -0.03758360
        0.23640000        0.17704300
        0.08733000        0.56670700
        0.03237000        0.39614300
a 13
$ Z=13
$ S-TYPE FUNCTIONS
    15   1  0
   205500.00000000        0.00000407
    30780.00000000        0.00003166
     7006.00000000        0.00016612
     1985.00000000        0.00069499
      649.10000000        0.00245511
      235.00000000        0.00744598
       91.62000000        0.01882530
       37.67000000        0.03727720
       15.91000000        0.04194960
        5.85000000       -0.03543750
        2.54200000       -0.17513200
        1.05700000       -0.27620300
        0.29310000        0.10872900
        0.14550000        0.65280900
        0.05650000        0.39458700
$ P-TYPE FUNCTIONS
     9   1  0
      444.40000000       -0.00028634
      105.10000000       -0.00242308
       33.47000000       -0.01086580
       12.33000000       -0.03643070
        4.86900000       -0.06410740
        1.96100000       -0.09722390
        0.78340000        0.01474370
        0.18880000        0.50344800
        0.05557000        0.59798400
$ D-TYPE FUNCTIONS
     1   1  0
        0.18900000        1.00000000
a 14
$ Z=14
$ S-TYPE FUNCTIONS
    15   1  0
   254900.00000000        0.00000426
    38190.00000000        0.00003311
     8690.00000000        0.00017401
     2462.00000000        0.00072757
      804.80000000        0.00258333
      291.30000000        0.00786354
      113.60000000        0.02021550
       46.75000000        0.04073200
       19.82000000        0.04993580
        7.70800000       -0.02493960
        3.34000000       -0.19035000
        1.40200000       -0.31835000
        0.43870000        0.09480360
        0.20700000        0.68118000
        0.07944000        0.39567200
$ P-TYPE FUNCTIONS
     9   1  0
      481.50000000       -0.00040522
      113.90000000       -0.00335896
       36.23000000       -0.01528600
       13.34000000       -0.04892180
        5.25200000       -0.08550080
        2.12000000       -0.11213700
        0.85610000        0.06182740
        0.25280000        0.55191900
        0.07889000        0.52349200
$ D-TYPE FUNCTIONS
     1   1  0
        0.27500000        1.00000000
a 15
$ Z=15
$ S-TYPE FUNCTIONS
    15   1  0
   312400.00000000        0.00000431
    46800.00000000        0.00003342
    10650.00000000        0.00017589
     3018.00000000        0.00073434
      986.80000000        0.00261775
      357.40000000        0.00797852
      139.60000000        0.02079400
       57.63000000        0.04244460
       24.60000000        0.05634360
       10.12000000       -0.01273580
        4.28300000       -0.19649500
        1.80500000       -0.35355500
        0.61580000        0.07414070
        0.27820000        0.70091200
        0.10550000        0.40473900
$ P-TYPE FUNCTIONS
     9   1  0
      504.90000000       -0.00055524
      119.40000000       -0.00445913
       37.96000000       -0.02063500
       13.95000000       -0.06176940
        5.45700000       -0.10892400
        2.17700000       -0.10559900
        0.80100000        0.15348300
        0.28770000        0.57698100
        0.09714000        0.42243900
$ D-TYPE FUNCTIONS
     1   1  0
        0.37300000        1.00000000
a 16
$ Z=16
$ S-TYPE FUNCTIONS
    15   1  0
   374100.00000000        0.00000435
    56050.00000000        0.00003371
    12760.00000000        0.00017767
     3615.00000000        0.00074112
     1183.00000000        0.00264591
      428.80000000        0.00807487
      167.80000000        0.02122760
       69.47000000        0.04383230
       29.84000000        0.06127160
       12.72000000       -0.00361510
        5.24400000       -0.20451000
        2.21900000       -0.38187100
        0.77670000        0.08268440
        0.34900000        0.71414700
        0.13220000        0.39379100
$ P-TYPE FUNCTIONS
     9   1  0
      574.40000000       -0.00062010
      135.80000000       -0.00493882
       43.19000000       -0.02326470
       15.87000000       -0.06851950
        6.20800000       -0.12389600
        2.48300000       -0.09694990
        0.86880000        0.22821500
        0.32290000        0.56939400
        0.10980000        0.36630200
$ D-TYPE FUNCTIONS
     1   1  0
        0.47900000        1.00000000
a 17
$ Z=17
$ S-TYPE FUNCTIONS
    15   1  0
   456100.00000000        0.00000419
    68330.00000000        0.00003244
    15550.00000000        0.00017111
     4405.00000000        0.00071418
     1439.00000000        0.00256705
      520.40000000        0.00788552
      203.10000000        0.02108670
       83.96000000        0.04422640
       36.20000000        0.06516700
       15.83000000        0.00603012
        6.33400000       -0.20649500
        2.69400000       -0.40587100
        0.97680000        0.07595580
        0.43130000        0.72566100
        0.16250000        0.39442300
$ P-TYPE FUNCTIONS
     9   1  0
      663.30000000       -0.00065215
      156.80000000       -0.00519445
       49.98000000       -0.02469380
       18.42000000       -0.07281670
        7.24000000       -0.13403000
        2.92200000       -0.09477420
        1.02200000        0.26228900
        0.38180000        0.56466700
        0.13010000        0.34125000
$ D-TYPE FUNCTIONS
     1   1  0
        0.60000000        1.00000000
a 18
$ Z=18
$ S-TYPE FUNCTIONS
    15   1  0
   545000.00000000        0.00000405
    81640.00000000        0.00003137
    18580.00000000        0.00016565
     5261.00000000        0.00069166
     1717.00000000        0.00249790
      619.90000000        0.00771074
      241.60000000        0.02087140
       99.79000000        0.04439650
       43.15000000        0.06802240
       19.14000000        0.01413500
        7.48800000       -0.20748900
        3.20500000       -0.42504500
        1.19600000        0.07048550
        0.52040000        0.73362700
        0.19540000        0.39600500
$ P-TYPE FUNCTIONS
     9   1  0
      761.80000000       -0.00066721
      180.20000000       -0.00532717
       57.50000000       -0.02554940
       21.24000000       -0.07571970
        8.38800000       -0.14113300
        3.41600000       -0.09327680
        1.20600000        0.28287200
        0.45230000        0.56245000
        0.15450000        0.32505900
$ D-TYPE FUNCTIONS
     1   1  0
        0.73800000        1.00000000
a 20
$ Z=20
$ S-TYPE FUNCTIONS
    20   1  0
  2402654.00000000       -0.00000022
   359789.80000000       -0.00000173
    81878.09000000       -0.00000910
    23190.89000000       -0.00003844
     7565.21200000       -0.00013965
     2730.70200000       -0.00045251
     1064.64000000       -0.00132038
      441.06050000       -0.00345841
      191.72690000       -0.00783686
       86.53774000       -0.01441517
       39.89924000       -0.01621648
       17.64065000        0.00634420
        8.35999000        0.06740626
        3.95133000        0.11447400
        1.71340000       -0.02634477
        0.81086000       -0.23369890
        0.36025000       -0.31607540
        0.08108000        0.33281940
        0.04484000        0.56111030
        0.02143000        0.28081780
$ P-TYPE FUNCTIONS
    14   1  0
     4061.28900000        0.00001336
      962.24650000        0.00011852
      312.16860000        0.00064872
      118.71440000        0.00267993
       49.80670000        0.00828513
       22.25998000        0.01921235
       10.28764000        0.02954984
        4.86115400        0.02431232
        2.24877300       -0.04111230
        1.03366200       -0.10419760
        0.46413200       -0.15036540
        0.19875000        0.02431729
        0.06739000        0.59861160
        0.02542000        0.48135570
$ D-TYPE FUNCTIONS
     6   1  0
       16.94623000        0.01547300
        4.47212000        0.07887400
        1.43809000        0.20878000
        0.46699000        0.33021300
        0.14151000        0.43756200
        0.04164000        0.37479000
a 21
$ Z=21
$ S-TYPE FUNCTIONS
    20   1  0
  2715278.00000000       -0.00000022
   406598.40000000       -0.00000171
    92530.04000000       -0.00000901
    26207.92000000       -0.00003800
     8549.42900000       -0.00013832
     3085.97500000       -0.00044737
     1203.17200000       -0.00131069
      498.48690000       -0.00342986
      216.73600000       -0.00784758
       97.87476000       -0.01447189
       45.20433000       -0.01690669
       20.21187000        0.00539611
        9.57475100        0.06671062
        4.54034600        0.11783560
        1.99568700       -0.02738134
        0.94221500       -0.22601490
        0.41784500       -0.30735390
        0.09576100        0.25440540
        0.05135100        0.59815900
        0.02387800        0.31152020
$ P-TYPE FUNCTIONS
    16   1  0
    10592.19000000        0.00000400
     2507.53300000        0.00003900
      814.45710000        0.00022100
      311.51950000        0.00098400
      131.96170000        0.00342300
       59.98718000        0.00999300
       28.66250000        0.02191600
       14.10851000        0.03700800
        7.10370600        0.03779400
        3.60920000       -0.00437900
        1.77607000       -0.11016400
        0.85476000       -0.16101700
        0.40223900       -0.18248200
        0.15466500        0.38861100
        0.06494500        0.69110000
        0.02635900        0.07960400
$ D-TYPE FUNCTIONS
     8   1  0
       50.51380000        0.00426600
       14.74050000        0.02770800
        5.19500000        0.10000100
        2.02846000        0.23158100
        0.80408600        0.34603300
        0.30768900        0.37337400
        0.11139200        0.26428800
        0.03735200        0.06366700
a 22
$ Z=22
$ S-TYPE FUNCTIONS
    20   1  0
  3014643.00000000       -0.00000022
   451432.90000000       -0.00000169
   102733.80000000       -0.00000892
    29098.17000000       -0.00003764
     9492.33000000       -0.00013696
     3426.34600000       -0.00044329
     1335.89600000       -0.00129887
      553.50260000       -0.00340675
      240.69250000       -0.00781083
      108.72930000       -0.01449245
       50.26457000       -0.01708136
       22.58004000        0.00489767
       10.71432000        0.06753108
        5.09354600        0.11733180
        2.24418300       -0.02985025
        1.05957000       -0.22776340
        0.46884900       -0.29281150
        0.10614300        0.26653000
        0.05526200        0.59124060
        0.02546500        0.30372290
$ P-TYPE FUNCTIONS
    16   1  0
    11912.03000000        0.00000400
     2819.94700000        0.00003900
      915.94790000        0.00022300
      350.38420000        0.00099200
      148.48250000        0.00347600
       67.53944000        0.01017200
       32.30332000        0.02257600
       15.92786000        0.03823800
        8.03803500        0.03933700
        4.09391600       -0.00610600
        2.02239000       -0.11296200
        0.97610200       -0.16811400
        0.45959500       -0.16593200
        0.17715200        0.39140300
        0.07351700        0.68184000
        0.02940100        0.08403100
$ D-TYPE FUNCTIONS
     8   1  0
       64.01300000        0.00388700
       18.81790000        0.02639900
        6.72870000        0.09751100
        2.66413000        0.23284800
        1.07868000        0.35315200
        0.42320900        0.37218600
        0.15599900        0.24767200
        0.05188400        0.05823600
a 23
$ Z=23
$ S-TYPE FUNCTIONS
    20   1  0
  3321857.00000000       -0.00000022
   497435.60000000       -0.00000168
   113202.70000000       -0.00000883
    32063.33000000       -0.00003728
    10459.62000000       -0.00013561
     3775.50600000       -0.00043924
     1472.04000000       -0.00128695
      609.93310000       -0.00338215
      265.26340000       -0.00776565
      119.86070000       -0.01447985
       55.44891000       -0.01715502
       24.98372000        0.00461010
       11.88056000        0.06827831
        5.66031100        0.11613680
        2.49570300       -0.03277049
        1.17786600       -0.22800000
        0.52004400       -0.27939910
        0.11596500        0.27711650
        0.05893800        0.58529990
        0.02694600        0.29639460
$ P-TYPE FUNCTIONS
    16   1  0
    13273.20000000        0.00000400
     3142.12600000        0.00003900
     1020.58800000        0.00022300
      390.44070000        0.00099600
      165.50430000        0.00349800
       75.32006000        0.01029600
       36.05503000        0.02296200
       17.80436000        0.03920800
        9.00292900        0.03994300
        4.59454400       -0.00712100
        2.27676000       -0.11622500
        1.10117800       -0.16949600
        0.51863800       -0.15537400
        0.20056500        0.39502200
        0.08129100        0.67890800
        0.03179500        0.08312200
$ D-TYPE FUNCTIONS
     8   1  0
       77.61150000        0.00359500
       22.91590000        0.02521000
        8.27954000        0.09478600
        3.30993000        0.23036300
        1.35863000        0.35289400
        0.54135000        0.37041400
        0.20235600        0.24571800
        0.06756800        0.06099300
a 24
$ Z=24
$ S-TYPE FUNCTIONS
    20   1  0
  6177194.00000000       -0.00000011
   924929.50000000       -0.00000085
   210486.50000000       -0.00000452
    59620.05000000       -0.00001892
    19450.76000000       -0.00006974
     7022.05600000       -0.00022379
     2738.76300000       -0.00067545
     1135.81400000       -0.00178935
      495.09230000       -0.00447786
      224.74870000       -0.00914014
      105.38360000       -0.01610562
       50.19359000       -0.01334870
       22.24957000        0.01426027
       10.98265000        0.08931690
        5.38366500        0.08885279
        2.34368500       -0.06368776
        1.10520200       -0.27832620
        0.48784800       -0.18300710
        0.08959900        0.67909370
        0.03342300        0.46729530
$ P-TYPE FUNCTIONS
    16   1  0
    14454.20000000        0.00000400
     3421.67600000        0.00004000
     1111.38700000        0.00022900
      425.19180000        0.00101900
      180.26230000        0.00360200
       82.06117000        0.01055000
       39.29726000        0.02370200
       19.41959000        0.03998800
        9.82889900        0.04043700
        5.01681000       -0.01207400
        2.48709100       -0.11893900
        1.19878000       -0.17810000
        0.55869500       -0.12386500
        0.20892400        0.42972200
        0.08460800        0.65078600
        0.03325800        0.06417100
$ D-TYPE FUNCTIONS
     8   1  0
       88.57680000        0.00362100
       26.20450000        0.02576600
        9.51747000        0.09755600
        3.82248000        0.23631200
        1.57512000        0.35828600
        0.62892800        0.36854300
        0.23442400        0.23549400
        0.07681500        0.05315600
a 25
$ Z=25
$ S-TYPE FUNCTIONS
    20   1  0
  3960805.00000000       -0.00000021
   593115.50000000       -0.00000163
   134976.80000000       -0.00000857
    38230.67000000       -0.00003619
    12471.54000000       -0.00013161
     4501.74300000       -0.00042668
     1755.21200000       -0.00125027
      727.30390000       -0.00329467
      316.36780000       -0.00758186
      143.00980000       -0.01422864
       66.21805000       -0.01693796
       29.91896000        0.00445430
       14.30318000        0.06867042
        6.83945100        0.11133350
        3.01237400       -0.03900820
        1.41880800       -0.22157550
        0.62362400       -0.25443590
        0.13409800        0.28658660
        0.06554800        0.57557410
        0.02958400        0.28987780
$ P-TYPE FUNCTIONS
    16   1  0
    16205.86000000        0.00000400
     3836.27400000        0.00004000
     1246.04800000        0.00022600
      476.75350000        0.00101300
      202.18950000        0.00357500
       92.09487000        0.01061200
       44.14720000        0.02390200
       21.85468000        0.04127900
       11.08596000        0.04147500
        5.67410800       -0.00945800
        2.82317000       -0.12369500
        1.36862100       -0.17439200
        0.64443100       -0.12917000
        0.24838200        0.40034800
        0.09725500        0.66964600
        0.03663300        0.08273200
$ D-TYPE FUNCTIONS
     8   1  0
      100.66300000        0.00357900
       29.83360000        0.02582700
       10.88940000        0.09855900
        4.39358000        0.23832700
        1.81782000        0.35870700
        0.72782700        0.36509200
        0.27129500        0.23373800
        0.08830900        0.05661800
a 26
$ Z=26
$ S-TYPE FUNCTIONS
    20   1  0
  4316265.00000000       -0.00000021
   646342.40000000       -0.00000160
   147089.70000000       -0.00000844
    41661.52000000       -0.00003563
    13590.77000000       -0.00012960
     4905.75000000       -0.00042015
     1912.74600000       -0.00123195
      792.60430000       -0.00324892
      344.80650000       -0.00749372
      155.89990000       -0.01410102
       72.23091000       -0.01691600
       32.72506000        0.00421900
       15.66762000        0.06833810
        7.50348300        0.10982010
        3.31222300       -0.04009005
        1.55847100       -0.21747390
        0.68391400       -0.24651350
        0.14675700        0.27314350
        0.07058300        0.57483210
        0.03144900        0.30127130
$ P-TYPE FUNCTIONS
    16   1  0
    17745.69000000        0.00000500
     4200.72100000        0.00004200
     1364.42900000        0.00024100
      522.08060000        0.00108500
      221.45950000        0.00383100
      100.90960000        0.01142300
       48.40115000        0.02579200
       23.98536000        0.04481800
       12.18250000        0.04459800
        6.24229800       -0.01117700
        3.11094400       -0.13813400
        1.50995800       -0.18828500
        0.71084500       -0.10739900
        0.27319000        0.44486300
        0.10423300        0.64023900
        0.03829100        0.06445700
$ D-TYPE FUNCTIONS
     8   1  0
      113.34400000        0.00353000
       33.64140000        0.02578400
       12.33100000        0.09911900
        4.99478000        0.23907300
        2.07280000        0.35719900
        0.83075300        0.36218800
        0.30917800        0.23646100
        0.10013000        0.06011800
a 27
$ Z=27
$ S-TYPE FUNCTIONS
    20   1  0
  4675675.00000000       -0.00000020
   700161.50000000       -0.00000158
   159337.30000000       -0.00000830
    45130.46000000       -0.00003504
    14722.38000000       -0.00012747
     5314.22200000       -0.00041327
     2072.01800000       -0.00121226
      858.61880000       -0.00319932
      373.54970000       -0.00739097
      168.92290000       -0.01393649
       78.29639000       -0.01678575
       35.52123000        0.00414986
       17.04144000        0.06797646
        8.17300000        0.10758070
        3.61031800       -0.04166022
        1.69704700       -0.21280440
        0.74353200       -0.23813600
        0.15834400        0.26507880
        0.07503600        0.57227740
        0.03309100        0.30915560
$ P-TYPE FUNCTIONS
    16   1  0
    19267.78000000        0.00000500
     4560.98600000        0.00004500
     1481.43600000        0.00025500
      566.86710000        0.00114400
      240.49100000        0.00406100
      109.61050000        0.01209500
       52.59491000        0.02747600
       26.08361000        0.04755700
       13.26143000        0.04730200
        6.79977800       -0.01441800
        3.39341400       -0.15006200
        1.64876600       -0.19909200
        0.77628200       -0.07978300
        0.29800300        0.45903500
        0.11361800        0.61749500
        0.04162400        0.06469000
$ D-TYPE FUNCTIONS
     8   1  0
      126.26400000        0.00351000
       37.52260000        0.02588400
       13.80210000        0.10005800
        5.60927000        0.24054700
        2.33369000        0.35684300
        0.93641500        0.35957900
        0.34823700        0.23662900
        0.11235300        0.06212900
a 28
$ Z=28
$ S-TYPE FUNCTIONS
    20   1  0
  5045991.00000000       -0.00000020
   755614.20000000       -0.00000157
   171956.80000000       -0.00000824
    48704.79000000       -0.00003478
    15888.41000000       -0.00012653
     5735.12300000       -0.00041026
     2236.13700000       -0.00120383
      926.64680000       -0.00317906
      403.17430000       -0.00735383
      182.34760000       -0.01389022
       84.54885000       -0.01677875
       38.39634000        0.00416338
       18.45859000        0.06814703
        8.86354800        0.10610290
        3.91622700       -0.04339980
        1.83887000       -0.20949500
        0.80436200       -0.23102710
        0.16979700        0.25905320
        0.07930600        0.56914260
        0.03467700        0.31581250
$ P-TYPE FUNCTIONS
    16   1  0
    21027.92000000        0.00000600
     4977.56000000        0.00005300
     1616.74000000        0.00030500
      618.67180000        0.00136400
      262.51830000        0.00487600
      119.69070000        0.01450300
       57.46585000        0.03329600
       28.52829000        0.05748200
       14.52148000        0.05870200
        7.45385000       -0.01990400
        3.72355300       -0.19469500
        1.80981300       -0.23961300
        0.85133600       -0.00223200
        0.32481400        0.52143500
        0.11952200        0.54554000
        0.04236600        0.04362200
$ D-TYPE FUNCTIONS
     8   1  0
      140.25270000        0.00337600
       41.72610000        0.02514100
       15.39810000        0.09774600
        6.27710000        0.23470900
        2.61850000        0.34694500
        1.05260000        0.35106800
        0.39160000        0.25025500
        0.12620000        0.10008200
a 29
$ Z=29
$ S-TYPE FUNCTIONS
    20   1  0
  5430321.00000000       -0.00000020
   813166.50000000       -0.00000152
   185054.40000000       -0.00000801
    52414.66000000       -0.00003384
    17098.68000000       -0.00012312
     6171.99400000       -0.00039921
     2406.48100000       -0.00117190
      997.25840000       -0.00309614
      433.92890000       -0.00717199
      196.28690000       -0.01356621
       91.04280000       -0.01643989
       41.38425000        0.00410763
       19.93278000        0.06693964
        9.58189100        0.10282210
        4.23451600       -0.04422945
        1.98581400       -0.20311910
        0.86708300       -0.22300220
        0.18133900        0.25179750
        0.08365700        0.56500910
        0.03626700        0.32472430
$ P-TYPE FUNCTIONS
    16   1  0
    22760.57000000        0.00000500
     5387.67900000        0.00004900
     1749.94500000        0.00027800
      669.66530000        0.00125300
      284.19480000        0.00444700
      129.60770000        0.01337000
       62.25415000        0.03046900
       30.92964000        0.05344700
       15.75827000        0.05263900
        8.09421100       -0.01688100
        4.04692100       -0.17944800
        1.96786900       -0.20958800
        0.92529500       -0.03963300
        0.35299200        0.50213000
        0.12730700        0.58111100
        0.04435600        0.04566600
$ D-TYPE FUNCTIONS
     8   1  0
      173.89700000        0.00270000
       51.88690000        0.02090900
       19.34190000        0.08440800
        7.97572000        0.21399900
        3.39823000        0.33598000
        1.40932000        0.35730100
        0.54885800        0.26457800
        0.19019900        0.10397200
a 30
$ Z=30
$ S-TYPE FUNCTIONS
    20   1  0
  5820021.00000000       -0.00000020
   871523.40000000       -0.00000155
   198335.00000000       -0.00000816
    56176.31000000       -0.00003451
    18325.82000000       -0.00012533
     6614.95500000       -0.00040730
     2579.19900000       -0.00119273
     1068.84900000       -0.00316314
      465.10450000       -0.00730394
      210.41300000       -0.01391279
       97.61629000       -0.01670620
       44.38020000        0.00403559
       21.42308000        0.06968861
       10.30891000        0.10301050
        4.55364500       -0.04471442
        2.13282100       -0.21500270
        0.92969700       -0.22201630
        0.19214700        0.31147760
        0.08759500        0.56934290
        0.03770200        0.26784400
$ P-TYPE FUNCTIONS
    16   1  0
    24411.98000000        0.00000500
     5778.51800000        0.00004200
     1876.86200000        0.00023800
      718.23610000        0.00108800
      304.83270000        0.00382100
      139.04530000        0.01164400
       66.80417000        0.02616700
       33.20699000        0.04675000
       16.92816000        0.04330900
        8.69622900       -0.01342900
        4.35051000       -0.15389700
        2.11652300       -0.16741300
        0.99538700       -0.08499500
        0.37811200        0.45081300
        0.13457900        0.64086900
        0.04628200        0.05417200
a 31
$ Z=31
$ S-TYPE FUNCTIONS
    20   1  0
  6558157.00000000       -0.00000020
   982025.30000000       -0.00000170
   223467.70000000       -0.00000900
    63288.29000000       -0.00003800
    20642.94000000       -0.00013820
     7450.52200000       -0.00044890
     2905.07400000       -0.00131880
     1204.21000000       -0.00350160
      524.30450000       -0.00816730
      237.46560000       -0.01573380
      110.57870000       -0.02002840
       51.37462000        0.00101360
       24.44085000        0.07501620
       11.76859000        0.12579800
        5.34211900       -0.03008570
        2.49503600       -0.24881690
        1.09877300       -0.28437060
        0.26018000        0.31105940
        0.12707900        0.58620620
        0.05440800        0.27838240
$ P-TYPE FUNCTIONS
    13   1  0
     8050.16700000        0.00002000
     1907.53600000        0.00016890
      618.62750000        0.00096680
      235.32420000        0.00377970
       98.89965000        0.01190820
       44.24822000        0.02356930
       20.61743000        0.03142330
        9.78051600       -0.01361880
        4.44123800       -0.07340030
        1.96404500       -0.12647850
        0.83357800        0.01585790
        0.19344500        0.50737570
        0.05611700        0.60026060
$ D-TYPE FUNCTIONS
     8   1  0
      244.14740000        0.00202700
       73.06759000        0.01650880
       27.59208000        0.07038230
       11.54652000        0.19114300
        5.04862800        0.32540920
        2.17846500        0.36781990
        0.90025300        0.27446850
        0.33732700        0.09562320
a 32
$ Z=32
$ S-TYPE FUNCTIONS
    20   1  0
  7447967.00000000       -0.00000020
  1115318.00000000       -0.00000180
   253842.60000000       -0.00000930
    71915.29000000       -0.00003920
    23470.18000000       -0.00014260
     8477.49200000       -0.00046210
     3308.39100000       -0.00136140
     1372.60500000       -0.00361750
      598.22010000       -0.00853590
      271.38600000       -0.01665060
      126.97800000       -0.02259110
       60.22207000       -0.00321470
       28.01858000        0.07449980
       13.51752000        0.14403330
        6.30940600       -0.00808150
        2.90453400       -0.27041630
        1.28755600       -0.34016070
        0.33655200        0.29220840
        0.16773200        0.61906570
        0.07106900        0.28632760
$ P-TYPE FUNCTIONS
    13   1  0
     6979.59800000        0.00003480
     1654.16500000        0.00030140
      536.02860000        0.00164870
      203.53710000        0.00649820
       85.23753000        0.01863830
       37.84196000        0.03506130
       17.40651000        0.02958920
        7.88149200       -0.04724580
        3.53321300       -0.12498470
        1.52147300       -0.12108010
        0.56270400        0.13686690
        0.19909300        0.57547300
        0.06703100        0.44426890
$ D-TYPE FUNCTIONS
     8   1  0
      282.23910000        0.00182750
       84.54996000        0.01515450
       32.07366000        0.06604600
       13.49750000        0.18394700
        5.95855000        0.32278720
        2.61078800        0.37294590
        1.10398700        0.27517300
        0.42404900        0.08852340
a 33
$ Z=33
$ S-TYPE FUNCTIONS
    20   1  0
  8482340.00000000       -0.00000020
  1270151.00000000       -0.00000180
   289057.00000000       -0.00000930
    81879.85000000       -0.00003920
    26716.56000000       -0.00014290
     9647.58400000       -0.00046290
     3764.11900000       -0.00136870
     1561.56600000       -0.00364400
      680.81470000       -0.00868840
      309.24120000       -0.01715560
      145.25740000       -0.02455140
       69.73905000       -0.00735240
       31.77032000        0.07200870
       15.39176000        0.15762540
        7.34152600        0.01420740
        3.32371600       -0.28515930
        1.48586700       -0.38853470
        0.42108600        0.26910610
        0.21150000        0.64953370
        0.08897400        0.29740470
$ P-TYPE FUNCTIONS
    13   1  0
     7423.86100000        0.00003990
     1759.51700000        0.00034880
      570.22920000        0.00189530
      216.58000000        0.00753250
       90.73425000        0.02143150
       40.30879000        0.04078070
       18.55550000        0.03252490
        8.39654300       -0.05488320
        3.76736700       -0.15119220
        1.62970100       -0.12490110
        0.56826300        0.20891540
        0.22250300        0.58552930
        0.08040500        0.36446600
$ D-TYPE FUNCTIONS
     8   1  0
      321.01960000        0.00168400
       96.24931000        0.01415860
       36.64496000        0.06282590
       15.49396000        0.17849930
        6.89113800        0.32094520
        3.05483100        0.37735150
        1.31424100        0.27502310
        0.51343000        0.08288340
a 34
$ Z=34
$ S-TYPE FUNCTIONS
    20   1  0
  9563600.00000000       -0.00000020
  1432100.00000000       -0.00000180
   325910.00000000       -0.00000930
    92312.00000000       -0.00003910
    30116.00000000       -0.00014280
    10872.00000000       -0.00046270
     4240.10000000       -0.00137220
     1758.40000000       -0.00366280
      766.59000000       -0.00880610
      348.43000000       -0.01758670
      164.03000000       -0.02620740
       79.14200000       -0.01099640
       35.52400000        0.06956970
       17.30500000        0.16839470
        8.37840000        0.03461600
        3.74050000       -0.29787020
        1.68900000       -0.43225690
        0.50927000        0.26316110
        0.25520000        0.67572170
        0.10651000        0.29564950
$ P-TYPE FUNCTIONS
    13   1  0
     8004.30000000        0.00004300
     1896.90000000        0.00037700
      614.71000000        0.00204650
      233.50000000        0.00818990
       97.85600000        0.02333560
       43.51400000        0.04498130
       20.06300000        0.03574750
        9.11270000       -0.05868660
        4.10630000       -0.17095730
        1.79490000       -0.12935830
        0.62432000        0.26470630
        0.24615000        0.57780690
        0.08891700        0.32755080
$ D-TYPE FUNCTIONS
     8   1  0
      361.85000000        0.00156550
      108.55000000        0.01332620
       41.43300000        0.06015270
       17.57900000        0.17402930
        7.86270000        0.31956900
        3.51800000        0.38120290
        1.53480000        0.27460860
        0.60813000        0.07825510
a 35
$ Z=35
$ S-TYPE FUNCTIONS
    20   1  0
 10639000.00000000       -0.00000020
  1593400.00000000       -0.00000180
   362610.00000000       -0.00000930
   102700.00000000       -0.00003910
    33501.00000000       -0.00014280
    12093.00000000       -0.00046280
     4715.90000000       -0.00137500
     1955.60000000       -0.00367840
      852.61000000       -0.00889810
      387.67000000       -0.01795290
      182.68000000       -0.02757320
       88.24500000       -0.01409530
       39.26300000        0.06725610
       19.23400000        0.17669280
        9.40570000        0.05288610
        4.16010000       -0.30759550
        1.89950000       -0.47006580
        0.60472000        0.25587610
        0.30114000        0.69803410
        0.12515000        0.29672560
$ P-TYPE FUNCTIONS
    13   1  0
     8676.50000000        0.00004510
     2055.90000000        0.00039640
      666.23000000        0.00215550
      253.10000000        0.00867200
      106.12000000        0.02486800
       47.24200000        0.04854720
       21.82500000        0.03961560
        9.96840000       -0.06057490
        4.51710000       -0.18716990
        1.99820000       -0.13777570
        0.70988000        0.29280210
        0.28145000        0.57608960
        0.10204000        0.30786170
$ D-TYPE FUNCTIONS
     8   1  0
      403.83000000        0.00147320
      121.17000000        0.01267250
       46.34500000        0.05804510
       19.72100000        0.17051030
        8.86240000        0.31859580
        3.99620000        0.38450230
        1.76360000        0.27377370
        0.70619000        0.07439670
a 36
$ Z=36
$ S-TYPE FUNCTIONS
    20   1  0
 11718110.00000000       -0.00000020
  1754604.00000000       -0.00000180
   399281.30000000       -0.00000930
   113084.60000000       -0.00003910
    36885.93000000       -0.00014300
    13312.21000000       -0.00046390
     5189.98800000       -0.00138010
     2151.66000000       -0.00370010
      938.03250000       -0.00899210
      426.55730000       -0.01830210
      201.06660000       -0.02875590
       97.09761000       -0.01673240
       42.99872000        0.06524100
       21.17707000        0.18344220
       10.42675000        0.06921830
        4.58500800       -0.31560340
        2.11760300       -0.50315010
        0.70705700        0.24900720
        0.34922500        0.71715710
        0.14482100        0.29874560
$ P-TYPE FUNCTIONS
    13   1  0
     9366.30900000        0.00004660
     2219.55400000        0.00041000
      719.45290000        0.00223280
      273.46450000        0.00901440
      114.75230000        0.02601150
       51.15557000        0.05133400
       23.68268000        0.04309290
       10.87548000       -0.06150400
        4.95513100       -0.20034240
        2.21726700       -0.14573640
        0.80641000        0.31121610
        0.32215400        0.57645810
        0.11761900        0.29393910
$ D-TYPE FUNCTIONS
     8   1  0
      446.16130000        0.00140440
      133.96480000        0.01217150
       51.34591000        0.05639190
       21.91691000        0.16764300
        9.89372500        0.31773680
        4.49252700        0.38726470
        2.00229300        0.27280060
        0.80840900        0.07120840
a 39
$ Z=39
$ S-TYPE FUNCTIONS
     9   1  0
      121.55500000       -0.00013800
       13.35080000        0.01265500
        8.34304000       -0.07257700
        5.21262000        0.06894600
        2.84822000        0.14107600
        0.73609200       -0.30976900
        0.33952500       -0.36409100
        0.08500000        0.30897600
        0.04571900        0.61839000
$ P-TYPE FUNCTIONS
     8   1  0
       15.70570000       -0.00014600
        9.81434000       -0.00453800
        3.95152000        0.04661300
        1.02873000       -0.13766800
        0.52034100       -0.18882700
        0.26280600       -0.11612800
        0.11912700        0.32318500
        0.05326300        0.60652400
$ D-TYPE FUNCTIONS
     7   1  0
       15.85350000        0.00099200
        5.08183000       -0.00523400
        1.45095000        0.08678900
        0.68927700        0.22970900
        0.31334200        0.32560700
        0.13838300        0.34328600
        0.05955500        0.25038800
a 40
$ Z=40
$ S-TYPE FUNCTIONS
     9   1  0
      136.82600000       -0.00014200
       14.51280000        0.01314500
        9.06981000       -0.07534100
        5.66640000        0.06997800
        3.11319000        0.15043600
        0.82348200       -0.32538200
        0.38119300       -0.35671200
        0.09779200        0.30701400
        0.05083900        0.62391800
$ P-TYPE FUNCTIONS
     8   1  0
       17.41190000       -0.00013400
       10.87990000       -0.00460900
        4.32804000        0.04818900
        1.13864000       -0.14548400
        0.57585500       -0.18987400
        0.28867000       -0.07781400
        0.12801400        0.33195100
        0.05529000        0.58379200
$ D-TYPE FUNCTIONS
     7   1  0
       18.07320000        0.00114100
        5.21959000       -0.00828100
        1.69985000        0.09337700
        0.83632300        0.25097300
        0.39335400        0.34390700
        0.17882400        0.32983800
        0.07827500        0.21217700
a 41
$ Z=41
$ S-TYPE FUNCTIONS
     9   1  0
      153.07100000       -0.00014800
       15.63630000        0.01359700
        9.77218000       -0.07819000
        6.10544000        0.07183800
        3.39090000        0.15633400
        0.91167600       -0.33604300
        0.42213900       -0.34726600
        0.10907900        0.30580600
        0.05562400        0.62111100
$ P-TYPE FUNCTIONS
     8   1  0
       18.87130000       -0.00010200
       11.79290000       -0.00507900
        4.71529000        0.05132100
        1.25530000       -0.15414400
        0.63502300       -0.19278100
        0.31759500       -0.06314700
        0.14105400        0.34120800
        0.06049400        0.57578500
$ D-TYPE FUNCTIONS
     7   1  0
       20.89850000        0.00123900
        5.60134000       -0.00913700
        1.93805000        0.09741800
        0.97751200        0.26402500
        0.46979600        0.35203900
        0.21790500        0.31891900
        0.09691700        0.19059000
a 42
$ Z=42
$ S-TYPE FUNCTIONS
     9   1  0
      170.06900000       -0.00015600
       16.73380000        0.01399200
       10.45870000       -0.08096300
        6.53434000        0.07445400
        3.67935000        0.15888300
        1.00192000       -0.34141500
        0.46314000       -0.33667400
        0.11872700        0.30955600
        0.05951400        0.61499700
$ P-TYPE FUNCTIONS
     8   1  0
       20.30800000       -0.00008300
       12.69070000       -0.00544700
        5.11950000        0.05320300
        1.37783000       -0.15815000
        0.69682400       -0.19182900
        0.34736700       -0.05244900
        0.15281900        0.34476200
        0.06504900        0.56993400
$ D-TYPE FUNCTIONS
     7   1  0
       22.60320000        0.00130600
        6.33914000       -0.01243800
        2.17763000        0.10351200
        1.10700000        0.27766100
        0.53537200        0.35885700
        0.24898000        0.30922600
        0.11040900        0.17403600
a 43
$ Z=43
$ S-TYPE FUNCTIONS
     9   1  0
      188.50900000       -0.00016400
       17.80800000        0.01434600
       11.13100000       -0.08374100
        6.95483000        0.07842800
        3.97640000        0.15696500
        1.09381000       -0.33979500
        0.50400800       -0.32395300
        0.12720600        0.30053600
        0.06304700        0.60945000
$ P-TYPE FUNCTIONS
     8   1  0
       21.64440000       -0.00009600
       13.52680000       -0.00572200
        5.54266000        0.05394400
        1.50611000       -0.15825800
        0.76168000       -0.18736400
        0.37836600       -0.04484600
        0.16358800        0.34274900
        0.06894100        0.56570400
$ D-TYPE FUNCTIONS
     7   1  0
       25.38280000        0.00133900
        6.98538000       -0.01328100
        2.41217000        0.10803800
        1.24177000        0.28603100
        0.60524200        0.36083400
        0.28282900        0.30119300
        0.12556000        0.16500100
a 44
$ Z=44
$ S-TYPE FUNCTIONS
     9   1  0
      208.25000000       -0.00017500
       18.84710000        0.01480300
       11.78180000       -0.08752700
        7.36195000        0.08428200
        4.27771000        0.15491100
        1.19107000       -0.33814100
        0.54856800       -0.31600500
        0.13869400        0.28352600
        0.06765100        0.60927300
$ P-TYPE FUNCTIONS
     8   1  0
       22.77530000       -0.00014800
       14.23400000       -0.00917400
        5.98755000        0.08137400
        1.63924000       -0.23612500
        0.82788000       -0.29433300
        0.40901000        0.01509800
        0.17187700        0.65608900
        0.07127100        0.43894400
$ D-TYPE FUNCTIONS
     7   1  0
       25.88380000        0.00152300
        7.59255000       -0.01816200
        2.71293000        0.10969100
        1.39708000        0.29159700
        0.68256500        0.36204400
        0.31937800        0.29751400
        0.14178100        0.16103700
a 45
$ Z=45
$ S-TYPE FUNCTIONS
     9   1  0
      228.93200000       -0.00018600
       19.90870000        0.01518000
       12.44680000       -0.09113000
        7.77821000        0.09119900
        4.58006000        0.15037900
        1.29068000       -0.33446300
        0.59341400       -0.30744300
        0.14915800        0.26955400
        0.07195300        0.60486400
$ P-TYPE FUNCTIONS
     8   1  0
       24.21170000       -0.00013200
       15.13310000       -0.00653200
        6.44720000        0.05644500
        1.77776000       -0.16106300
        0.89902000       -0.18425800
        0.44452200       -0.03361000
        0.18867400        0.34454400
        0.07851400        0.55957300
$ D-TYPE FUNCTIONS
     7   1  0
       29.49980000        0.00167700
        7.40437000       -0.01843900
        3.05959000        0.10507600
        1.58205000        0.29377000
        0.77483400        0.36417800
        0.36305600        0.29726500
        0.16104700        0.15995800
a 46
$ Z=46
$ S-TYPE FUNCTIONS
     9   1  0
      247.20200000       -0.00020000
       20.79370000        0.01586700
       13.00190000       -0.09687000
        8.12562000        0.10171600
        4.88842000        0.14349100
        1.39206000       -0.32917400
        0.63838200       -0.29963100
        0.15882800        0.25915000
        0.07579300        0.59932900
$ P-TYPE FUNCTIONS
     8   1  0
       24.88240000       -0.00021200
       15.55170000       -0.00680100
        6.92343000        0.05398800
        1.92286000       -0.14867100
        0.97119100       -0.16674400
        0.47691900       -0.03472600
        0.19386600        0.32632100
        0.07879200        0.55997600
$ D-TYPE FUNCTIONS
     7   1  0
       29.02040000        0.00217200
        6.41149000       -0.04795800
        3.99736000        0.10334300
        1.88742000        0.29321000
        0.91320800        0.37168700
        0.42567500        0.30645600
        0.18772700        0.16662900
a 47
$ Z=47
$ S-TYPE FUNCTIONS
    10   1  0
      222.64500000       -0.00020800
       20.17250000        0.02280500
       12.71970000       -0.13732500
        8.00211000        0.17308500
        5.02053000        0.10575500
        1.52085000       -0.31406300
        0.69492000       -0.29853400
        0.17293300        0.23132400
        0.08189700        0.59691100
        0.03519000        0.34484800
$ P-TYPE FUNCTIONS
     9   1  0
       22.04900000        0.00059400
       13.83560000       -0.01708000
        7.62994000        0.06794100
        2.10372000       -0.14272000
        1.06262000       -0.16839300
        0.51938300       -0.03296000
        0.20519900        0.32674000
        0.08297900        0.55805400
        0.03314400        0.26528100
$ D-TYPE FUNCTIONS
     8   1  0
       73.26650000        0.00045100
       18.77290000        0.00598400
       10.92370000       -0.01896800
        3.00197000        0.19238600
        1.47177000        0.37217200
        0.68476400        0.37218800
        0.30039700        0.23006600
        0.12015500        0.06424200
a 48
$ Z=48
$ S-TYPE FUNCTIONS
    10   1  0
      257.49700000       -0.00023100
       21.35460000        0.02227900
       13.48060000       -0.13820500
        8.48651000        0.17778400
        5.32551000        0.10569500
        1.62686000       -0.32595400
        0.74046900       -0.29932500
        0.18093300        0.28210000
        0.08509600        0.60204400
        0.03638400        0.29663500
$ P-TYPE FUNCTIONS
     9   1  0
      243.16500000       -0.00003700
       13.95880000       -0.01650700
        8.31001000        0.06366200
        2.20200000       -0.14652100
        1.10072000       -0.15618700
        0.53597500       -0.02735500
        0.21365400        0.32260100
        0.08546900        0.55669800
        0.03382300        0.27006400
a 49
$ Z=49
$ S-TYPE FUNCTIONS
    11   1  0
     2378.04000000       -0.00002800
      360.99800000       -0.00019900
       45.63350000       -0.00183500
       28.51490000        0.02017700
       17.82200000       -0.07204600
        6.62990000        0.24499000
        1.70954000       -0.39324000
        0.79844500       -0.32841300
        0.20473700        0.42553600
        0.09667700        0.58709500
        0.04354100        0.20188700
$ P-TYPE FUNCTIONS
     9   1  0
      266.90200000       -0.00003200
       14.73120000       -0.01521000
        8.82779000        0.05792200
        2.35953000       -0.13004700
        1.17591000       -0.13714100
        0.56756800       -0.02873100
        0.21294000        0.30166100
        0.08280700        0.55663900
        0.03207700        0.29124000
$ D-TYPE FUNCTIONS
     9   1  0
      117.27900000        0.00028100
       32.68650000        0.00247800
       13.19060000       -0.01243900
        4.01821000        0.14007000
        2.14948000        0.33030500
        1.09126000        0.37535800
        0.53194100        0.25826900
        0.24368700        0.09047800
        0.09070000        0.00691300
a 50
$ Z=50
$ S-TYPE FUNCTIONS
    11   1  0
     3672.40000000       -0.00004300
      558.14300000       -0.00030700
      114.08900000       -0.00049600
       31.40060000        0.00910500
       19.63180000       -0.04989800
        6.77205000        0.24985400
        1.83351000       -0.44409700
        0.87771500       -0.35202500
        0.23739600        0.49970000
        0.11206800        0.57435700
        0.05175700        0.16557900
$ P-TYPE FUNCTIONS
     9   1  0
      216.97000000        0.00022600
       20.91020000        0.02291700
        8.79611000       -0.19714600
        2.56737000        0.46791700
        1.31451000        0.49604300
        0.65359100        0.17661000
        0.27215000        0.01285000
        0.11073600        0.00011900
        0.04403400        0.00017300
$ D-TYPE FUNCTIONS
     9   1  0
      130.24300000        0.00031900
       36.77620000        0.00267800
       14.63210000       -0.01010900
        4.69695000        0.11976800
        2.53078000        0.32260000
        1.30174000        0.38423800
        0.64657500        0.26535800
        0.30231600        0.09037700
        0.11600000        0.00733400
a 51
$ Z=51
$ S-TYPE FUNCTIONS
    11   1  0
     3928.33000000       -0.00006200
      593.88900000       -0.00042800
      120.18500000       -0.00087700
       29.51400000        0.01571300
       18.44220000       -0.08300300
        7.47571000        0.29543300
        1.95136000       -0.48160300
        0.95225800       -0.38376800
        0.28796800        0.49969200
        0.13639600        0.60547300
        0.06262800        0.16742900
$ P-TYPE FUNCTIONS
     9   1  0
      210.47100000       -0.00010200
       16.14140000       -0.02176100
        9.82530000        0.08066100
        2.75267000       -0.17462800
        1.42148000       -0.18415400
        0.71624600       -0.05347200
        0.32020500        0.35831200
        0.13508800        0.56835800
        0.05513000        0.23834300
$ D-TYPE FUNCTIONS
     9   1  0
      135.77500000        0.00038300
       38.77460000        0.00303500
       13.49220000       -0.01146600
        5.08327000        0.11590200
        2.78958000        0.32126900
        1.46159000        0.38707400
        0.74084500        0.26242400
        0.35313000        0.08572300
        0.13930000        0.00711800
a 52
$ Z=52
$ S-TYPE FUNCTIONS
    11   1  0
     5324.98000000       -0.00009300
      803.67400000       -0.00064400
      175.14600000       -0.00162000
       29.61820000        0.01229500
       18.53440000       -0.08838600
        7.96150000        0.31811000
        2.06539000       -0.53077700
        1.02457000       -0.39687800
        0.33384300        0.53089500
        0.15781100        0.61429300
        0.07201900        0.15610300
$ P-TYPE FUNCTIONS
     9   1  0
      193.77500000        0.00040000
       17.55080000        0.06860800
       10.19510000       -0.26657000
        2.97377000        0.47353300
        1.55647000        0.51023100
        0.78754600        0.16751300
        0.36847300        0.01174100
        0.15427300        0.00117100
        0.06190500        0.00007500
$ D-TYPE FUNCTIONS
     9   1  0
      142.61700000        0.00046100
       41.06050000        0.00353500
       13.06220000       -0.01183500
        5.72515000        0.10596700
        3.13381000        0.31895200
        1.65682000        0.39230700
        0.85157500        0.26408900
        0.41212800        0.08434300
        0.16510000        0.00724800
a 53
$ Z=53
$ S-TYPE FUNCTIONS
    11   1  0
     5546.50000000       -0.00007300
      838.21400000       -0.00050800
      182.18700000       -0.00115800
       31.21230000        0.01219300
       19.53140000       -0.08785400
        8.24099000        0.33820000
        2.19455000       -0.57655000
        1.10911000       -0.40929800
        0.37464100        0.56745900
        0.17708000        0.61248900
        0.08106100        0.14323100
$ P-TYPE FUNCTIONS
     9   1  0
      188.98800000        0.00058500
       21.28680000        0.03692300
       10.03960000       -0.23532400
        3.45180000        0.34148300
        1.97456000        0.53478800
        1.02420000        0.26514100
        0.44943700        0.02578700
        0.18664800        0.00052200
        0.07348100        0.00060600
$ D-TYPE FUNCTIONS
     9   1  0
      132.66200000        0.00057200
       37.60540000        0.00440200
       10.38910000       -0.04092200
        6.49017000        0.09966100
        3.45451000        0.32266300
        1.84413000        0.40034300
        0.96247800        0.26830600
        0.47285300        0.08484700
        0.19320000        0.00763200
a 54
$ Z=54
$ S-TYPE FUNCTIONS
    11   1  0
     6456.40000000       -0.00013000
      974.06100000       -0.00088500
      214.42900000       -0.00235800
       31.33080000        0.00729100
       19.61300000       -0.09263900
        8.88609000        0.35379500
        2.32508000       -0.61583000
        1.18422000       -0.41306000
        0.42685400        0.57933400
        0.20164500        0.62546200
        0.09217800        0.14233700
$ P-TYPE FUNCTIONS
     9   1  0
      191.17000000       -0.00032900
       22.51780000       -0.01278100
       10.06040000        0.10827400
        5.55762000       -0.07205100
        2.69625000       -0.28458000
        1.30764000       -0.18520500
        0.53067500        0.35833600
        0.22246100        0.58839400
        0.08688100        0.25724500
$ D-TYPE FUNCTIONS
     9   1  0
      142.97100000        0.00073600
       41.30570000        0.00537200
       10.92220000       -0.02882700
        6.82408000        0.11991000
        3.66696000        0.33246400
        1.98289000        0.38920900
        1.05399000        0.24835900
        0.52990300        0.07761100
        0.21920000        0.00736600
a 72
$ Z=72
$ S-TYPE FUNCTIONS
     9   1  0
       26.50420000       -0.00922000
       16.58400000        0.07667500
       10.38310000       -0.22564100
        6.49550000        0.18556800
        3.46431000        0.15654900
        0.98620000       -0.31141700
        0.45782800       -0.39452300
        0.13211800        0.20348300
        0.06696700        0.68629600
$ P-TYPE FUNCTIONS
     8   1  0
       15.27240000       -0.02491600
        9.57035000        0.13496700
        5.03618000       -0.31452800
        1.15215000        0.47660400
        0.56240100        0.48419100
        0.27420400        0.18449400
        0.12050500        0.01863900
        0.05281200        0.00150400
$ D-TYPE FUNCTIONS
     7   1  0
       11.97560000       -0.00147800
        7.47998000        0.01870800
        4.67383000       -0.05808700
        1.17503000        0.18233400
        0.52835000        0.34866400
        0.22775700        0.39335000
        0.09416900        0.27722300
a 73
$ Z=73
$ S-TYPE FUNCTIONS
     9   1  0
       27.12360000       -0.00903800
       16.96950000        0.07762000
       10.62280000       -0.23511600
        6.64493000        0.19856800
        3.59480000        0.16435300
        1.05044000       -0.33677300
        0.49283500       -0.39484600
        0.14873600        0.22300400
        0.07222800        0.68863900
$ P-TYPE FUNCTIONS
     8   1  0
       15.52730000       -0.02478400
        9.72593000        0.14127100
        5.23803000       -0.32732800
        1.22702000        0.48343900
        0.60538100        0.48395200
        0.29631400        0.18126200
        0.13051100        0.01835600
        0.05711600        0.00140100
$ D-TYPE FUNCTIONS
     7   1  0
       12.19170000       -0.00175600
        7.61613000        0.02290900
        4.75954000       -0.07159000
        1.27590000        0.19977500
        0.59294600        0.36287300
        0.26428700        0.38463000
        0.11249500        0.25041100
a 74
$ Z=74
$ S-TYPE FUNCTIONS
     9   1  0
       28.38810000       -0.00848400
       17.75680000        0.07454400
       11.11200000       -0.22851800
        6.94934000        0.18744000
        3.81506000        0.18061200
        1.11249000       -0.36156200
        0.52540100       -0.38736300
        0.16152900        0.24807700
        0.07640900        0.68286200
$ P-TYPE FUNCTIONS
     8   1  0
       16.55540000       -0.02526300
       10.37440000        0.14096100
        5.52190000       -0.32991600
        1.28902000        0.50172000
        0.63559600        0.48056600
        0.30964500        0.16890500
        0.13701200        0.01572700
        0.05993800        0.00146900
$ D-TYPE FUNCTIONS
     7   1  0
       13.63830000       -0.00260600
        8.51734000        0.02908800
        5.32328000       -0.08317800
        1.39319000        0.21050500
        0.65430700        0.37944900
        0.29439000        0.38253800
        0.12572200        0.22790600
a 75
$ Z=75
$ S-TYPE FUNCTIONS
     9   1  0
       30.41200000       -0.00720900
       19.01420000        0.06457400
       11.89210000       -0.19635200
        7.43361000        0.13542700
        4.18113000        0.21755400
        1.16857000       -0.39026900
        0.55397700       -0.37233600
        0.17078100        0.26722000
        0.07928700        0.67167100
$ P-TYPE FUNCTIONS
     8   1  0
       18.34880000       -0.01687700
       11.48770000        0.09291500
        5.43256000       -0.29140100
        1.37859000        0.49822700
        0.68876600        0.47960700
        0.33808300        0.17529200
        0.14916000        0.01734100
        0.06432100        0.00134800
$ D-TYPE FUNCTIONS
     7   1  0
       13.82480000       -0.00101400
        8.63586000        0.02006900
        5.39695000       -0.07092600
        1.49432000        0.21363400
        0.71347900        0.37409600
        0.32491000        0.36911800
        0.13983600        0.23249900
a 76
$ Z=76
$ S-TYPE FUNCTIONS
     9   1  0
       32.30550000       -0.00650500
       20.19340000        0.05851500
       12.62580000       -0.17625300
        7.89021000        0.10418500
        4.46183000        0.24050500
        1.23613000       -0.40932400
        0.58883000       -0.36076300
        0.18326100        0.27348700
        0.08397200        0.66395000
$ P-TYPE FUNCTIONS
     8   1  0
       19.56310000       -0.01470800
       12.24510000        0.08136500
        5.55342000       -0.28659200
        1.46284000        0.50467100
        0.73453700        0.48034800
        0.36057500        0.17200700
        0.15669100        0.01677900
        0.06633300        0.00102900
$ D-TYPE FUNCTIONS
     7   1  0
       14.68570000       -0.00026900
        9.17124000        0.01649400
        5.72992000       -0.06667400
        1.58756000        0.22454700
        0.76726900        0.37966000
        0.35283900        0.36188100
        0.15303600        0.22168300
a 77
$ Z=77
$ S-TYPE FUNCTIONS
     9   1  0
       34.20480000       -0.00600100
       21.37680000        0.05388500
       13.36240000       -0.16060200
        8.34835000        0.08039500
        4.73163000        0.25759400
        1.30785000       -0.42375100
        0.62433400       -0.34835400
        0.19387100        0.28003100
        0.08794900        0.65455700
$ P-TYPE FUNCTIONS
     8   1  0
       20.72040000       -0.01320200
       12.96770000        0.07395200
        5.72224000       -0.28431200
        1.55038000        0.51022300
        0.78266000        0.47950200
        0.38551500        0.16977200
        0.17060900        0.01666800
        0.07282900        0.00124200
$ D-TYPE FUNCTIONS
     7   1  0
       91.41250000        0.00002400
        9.73013000        0.01521700
        6.07712000       -0.06572400
        1.68820000        0.23400500
        0.82378600        0.38453500
        0.38206800        0.35584900
        0.16696500        0.21197600
a 78
$ Z=78
$ S-TYPE FUNCTIONS
     9   1  0
       36.00640000       -0.00567800
       22.49910000        0.05075500
       14.06090000       -0.15003000
        8.78161000        0.06398200
        4.99238000        0.27041100
        1.38385000       -0.43465700
        0.66161700       -0.33729000
        0.20488200        0.28144600
        0.09223000        0.64557900
$ P-TYPE FUNCTIONS
     8   1  0
       21.59860000       -0.01251500
       13.51600000        0.07157000
        5.92037000       -0.28727600
        1.64126000        0.51541900
        0.83113100        0.48046100
        0.40843000        0.16799600
        0.17542700        0.01586000
        0.07268500        0.00079500
$ D-TYPE FUNCTIONS
     7   1  0
       72.75620000        0.00005200
       10.47420000        0.01262600
        6.25090000       -0.06324100
        1.80185000        0.23964700
        0.88845400        0.38767200
        0.41566500        0.35174400
        0.18308000        0.20529000
a 79
$ Z=79
$ S-TYPE FUNCTIONS
    10   1  0
       36.01260000       -0.00677700
       22.56450000        0.06000800
       14.16200000       -0.18332800
        8.85487000        0.11471900
        5.06072000        0.24882200
        1.47405000       -0.43767100
        0.70491300       -0.33110800
        0.21778700        0.27418100
        0.09740800        0.63773800
        0.04121400        0.30923600
$ P-TYPE FUNCTIONS
     9   1  0
       21.59540000        0.00308000
       13.51450000       -0.02140600
        6.25514000        0.08677600
        1.71814000       -0.18977400
        0.86943900       -0.18583500
        0.42675900        0.00478000
        0.18429700        0.36383600
        0.07637900        0.54176400
        0.03122000        0.23456100
$ D-TYPE FUNCTIONS
     8   1  0
       87.02080000        0.00004400
       11.06680000        0.01428800
        6.66047000       -0.06887600
        1.94696000        0.23955900
        0.98470600        0.38732300
        0.47465500        0.34875600
        0.21655800        0.19849200
        0.09147200        0.04987900
a 80
$ Z=80
$ S-TYPE FUNCTIONS
    10   1  0
       98.30580000       -0.00035600
       19.64060000        0.03790900
       12.33970000       -0.20001300
        7.74782000        0.22409300
        4.86291000        0.17937400
        1.57719000       -0.45083300
        0.75292600       -0.33905500
        0.23511200        0.29341400
        0.10396800        0.64462800
        0.04340000        0.29162600
$ P-TYPE FUNCTIONS
     9   1  0
       21.40650000       -0.01283700
       13.39290000        0.08653100
        6.51021000       -0.30804100
        1.82222000        0.53279400
        0.92650700        0.48220700
        0.45508200        0.15469500
        0.19276000        0.01320100
        0.07868900        0.00058500
        0.03172900        0.00002000
a 81
$ Z=81
$ S-TYPE FUNCTIONS
    11   1  0
      562.30400000       -0.00008400
       35.24980000       -0.00712100
       22.03330000        0.06242600
       13.77320000       -0.19890800
        6.60703000        0.36232800
        4.13050000        0.05900300
        1.69156000       -0.49512600
        0.82102100       -0.40182000
        0.27734600        0.33180900
        0.12677300        0.67982200
        0.05330000        0.25828400
$ P-TYPE FUNCTIONS
     9   1  0
       18.75740000       -0.01667800
       11.73310000        0.15124600
        6.97696000       -0.38141600
        1.92744000        0.55039500
        0.98084700        0.48950400
        0.47880900        0.14068900
        0.19085700        0.00896000
        0.07510600        0.00016700
        0.02955400        0.00009100
a 82
$ Z=82
$ S-TYPE FUNCTIONS
    11   1  0
      544.67500000       -0.00014600
       36.51280000       -0.00834800
       22.77610000        0.06944800
       14.22620000       -0.22072900
        6.89500000        0.40034500
        4.30969000        0.06296400
        1.80085000       -0.53155900
        0.89076800       -0.44794600
        0.31896800        0.36270600
        0.14835200        0.69667300
        0.06328800        0.24409900
$ P-TYPE FUNCTIONS
     9   1  0
       18.64890000        0.00309300
       11.66790000       -0.04531600
        7.29349000        0.11739200
        2.02849000       -0.20076200
        1.04097000       -0.18488200
        0.51419000       -0.00541200
        0.22865100        0.36987800
        0.09582800        0.54689100
        0.03922900        0.22949300
a 83
$ Z=83
$ S-TYPE FUNCTIONS
    11   1  0
      798.63300000       -0.00019100
       95.00230000       -0.00088500
       21.25200000        0.05505300
       13.29190000       -0.30240600
        8.31210000        0.39648300
        5.19476000        0.17832300
        1.90972000       -0.57049300
        0.96227100       -0.47925900
        0.35602600        0.39800000
        0.16832700        0.70096800
        0.07326500        0.23159800
$ P-TYPE FUNCTIONS
     9   1  0
       19.22590000        0.00273300
       12.03780000       -0.04884300
        7.53621000        0.13184000
        2.16084000       -0.22527100
        1.13036000       -0.20787600
        0.56677800       -0.01558500
        0.27160800        0.39384900
        0.11776900        0.55088000
        0.04930400        0.21115000
a 84
$ Z=84
$ S-TYPE FUNCTIONS
    11   1  0
     2284.76000000        0.00011400
      345.77400000        0.00067900
       40.92040000        0.00748400
       25.57710000       -0.05783100
       15.99420000        0.18427700
        6.79383000       -0.47161700
        1.92709000        0.66564400
        0.99703200        0.41920200
        0.34035000       -0.58022400
        0.16172400       -0.61208400
        0.07353600       -0.14587000
$ P-TYPE FUNCTIONS
     9   1  0
       19.77140000        0.00210500
       12.39210000       -0.05084900
        7.77407000        0.14328900
        2.29131000       -0.24704100
        1.20594000       -0.23223500
        0.59461100        0.00710000
        0.29864500        0.42462900
        0.12974200        0.53197400
        0.05393500        0.19729400
$ D-TYPE FUNCTIONS
     8   1  0
       67.96360000        0.00049900
       14.98830000        0.01015000
        7.26074000       -0.07190500
        2.71070000        0.25943600
        1.46383000        0.43234300
        0.75582800        0.33758100
        0.36717600        0.12729300
        0.14840000        0.01350500
a 85
$ Z=85
$ S-TYPE FUNCTIONS
    11   1  0
     2405.31000000        0.00008200
      365.56500000        0.00049300
       41.90620000        0.00540200
       26.20260000       -0.05317000
       16.39150000        0.18874400
        7.08341000       -0.49972700
        2.03313000        0.70719700
        1.07007000        0.43375200
        0.37607100       -0.61257300
        0.17944700       -0.61135300
        0.08183300       -0.13651000
$ P-TYPE FUNCTIONS
     9   1  0
       20.29700000        0.00101800
       12.73120000       -0.05125000
        8.00034000        0.15347500
        2.44796000       -0.26161000
        1.31082000       -0.25554500
        0.64586500        0.01331400
        0.33375800        0.44347700
        0.14616600        0.52528200
        0.06087100        0.18796200
$ D-TYPE FUNCTIONS
     8   1  0
       70.94540000        0.00062000
       16.25600000        0.00967100
        7.36032000       -0.07345900
        2.92336000        0.25258800
        1.59912000        0.43794700
        0.83408700        0.34005300
        0.40814100        0.12306700
        0.16830000        0.01289900
a 86
$ Z=86
$ S-TYPE FUNCTIONS
    11   1  0
     3407.20000000        0.00012500
      516.48300000        0.00079100
       97.02810000        0.00135300
       26.46550000       -0.03281600
       16.56310000        0.16623400
        7.25106000       -0.51347200
        2.17193000        0.72933700
        1.18012000        0.45331500
        0.40149500       -0.65123600
        0.19484200       -0.58623300
        0.09092500       -0.12890400
$ P-TYPE FUNCTIONS
     9   1  0
       20.72390000       -0.00023300
       12.99960000       -0.05148100
        8.17348000        0.16557700
        2.74742000       -0.23234100
        1.56390000       -0.28745800
        0.81102000       -0.04860900
        0.40096300        0.44504600
        0.17376400        0.54806800
        0.07157600        0.19992300
$ D-TYPE FUNCTIONS
     8   1  0
       75.43180000        0.00073400
       18.01710000        0.00886500
        7.35165000       -0.07714500
        3.25212000        0.22503700
        1.80989000        0.43865700
        0.95655000        0.35457900
        0.47475000        0.13383800
        0.19600000        0.01507900
