$Basis = GFN1-xTB-cc-pvqz
$ ----------------------------------------------------------------------------
$ GFN1-xTB-M secondary (dual) basis derived from the Dunning cc-pvqz set.
$ Numerical exponents/coefficients are from the Basis Set Exchange
$ (https://www.basissetexchange.org), redistributed under CC-BY-4.0 with
$ attribution to T. H. Dunning Jr. et al. (cc-pVnZ) and ccRepo/Grant Hill.
$ Per (element, angular momentum) the GFN1-valence contraction is selected by
$ radial-node matching to the GFN1 primary shell, then sign-matched to the GFN1
$ phase (the overall sign is physically irrelevant for the quadratic M1 kinetic-
$ energy correction and multipole moments). Regenerated by
$ scripts/gen_secondary_basis.py validate-full -> generate; NOT copied from any SI.
$ Z=1..36 use the all-electron set and reproduce the published GFN1-xTB-cc-pVDZ
$ secondary basis exactly. Z>=37 use the pseudopotential (-PP) basis with the GFN1
$ shell structure from param_gfn1-xtb.txt (ao= line); these heavy-element bases are
$ best-effort (correct #shells per l, lowest-node PP valence) and structure-
$ validated only (no published reference exists for Z>=37).
$ ----------------------------------------------------------------------------
a 1
$ Z=1
$ S-TYPE FUNCTIONS
     7   2  0
       10.25628607        0.00000000       -0.05994475
        7.61199721        0.05675242       -0.05576548
        1.39290171        0.26014136       -0.25561740
        0.62279653        0.00000000        0.59603854
        0.38696335        0.53284611       -0.52357973
        0.23910077        0.00000000        0.45817863
        0.12842966        0.29162544       -0.28655397
a 2
$ Z=2
$ S-TYPE FUNCTIONS
     7   1  0
      528.50000000        0.00094000
       79.31000000        0.00721400
       18.05000000        0.03597500
        5.08500000        0.12778200
        1.60900000        0.30847000
        0.53630000        0.45305200
        0.18330000        0.23888400
a 3
$ Z=3
$ S-TYPE FUNCTIONS
    12   1  0
     6601.00000000       -0.00001800
      989.70000000       -0.00014200
      225.70000000       -0.00074100
       64.29000000       -0.00302000
       21.18000000       -0.01012300
        7.72400000       -0.02709400
        3.00300000       -0.05735900
        1.21200000       -0.09389500
        0.49300000       -0.12109100
        0.09515000        0.27660800
        0.04791000        0.54954800
        0.02220000        0.27738500
$ P-TYPE FUNCTIONS
     6   1  0
        6.25000000        0.00338800
        1.37000000        0.01931600
        0.36720000        0.07910400
        0.11920000        0.27409500
        0.04474000        0.51948800
        0.01795000        0.28442300
a 4
$ Z=4
$ S-TYPE FUNCTIONS
    12   1  0
    14630.00000000       -0.00001700
     2191.00000000       -0.00013000
      498.20000000       -0.00067900
      140.90000000       -0.00285700
       45.86000000       -0.00981300
       16.47000000       -0.02860900
        6.31900000       -0.06376000
        2.53500000       -0.11723100
        1.03500000       -0.12120200
        0.25280000        0.25322900
        0.10520000        0.58183700
        0.04261000        0.29195400
$ P-TYPE FUNCTIONS
     6   1  0
       14.03000000        0.00409900
        3.16800000        0.02562600
        0.90240000        0.10376800
        0.30360000        0.31154700
        0.11300000        0.49812800
        0.04286000        0.25887600
a 5
$ Z=5
$ S-TYPE FUNCTIONS
    12   1  0
    23870.00000000       -0.00001800
     3575.00000000       -0.00013900
      812.80000000       -0.00072500
      229.70000000       -0.00306300
       74.69000000       -0.01058100
       26.81000000       -0.03136500
       10.32000000       -0.07101200
        4.17800000       -0.13210300
        1.72700000       -0.12307200
        0.47040000        0.26181900
        0.18960000        0.58666200
        0.07394000        0.29049400
$ P-TYPE FUNCTIONS
     6   1  0
       22.26000000        0.00509500
        5.05800000        0.03320600
        1.48700000        0.13231400
        0.50710000        0.33181800
        0.18120000        0.47206300
        0.06463000        0.25797900
a 6
$ Z=6
$ S-TYPE FUNCTIONS
    12   1  0
    33980.00000000       -0.00001900
     5089.00000000       -0.00015100
     1157.00000000       -0.00078500
      326.60000000       -0.00332400
      106.10000000       -0.01151200
       38.11000000       -0.03416000
       14.75000000       -0.07717300
        6.03500000       -0.14149300
        2.53000000       -0.11801900
        0.73550000        0.27380600
        0.29050000        0.58651000
        0.11110000        0.28543000
$ P-TYPE FUNCTIONS
     6   1  0
       34.51000000        0.00537800
        7.91500000        0.03613200
        2.36800000        0.14249300
        0.81320000        0.34215000
        0.28900000        0.46386400
        0.10070000        0.25002800
a 7
$ Z=7
$ S-TYPE FUNCTIONS
    12   1  0
    45840.00000000       -0.00002000
     6868.00000000       -0.00015900
     1563.00000000       -0.00082400
      442.40000000       -0.00347800
      144.30000000       -0.01196600
       52.18000000       -0.03538800
       20.34000000       -0.08007700
        8.38100000       -0.14672200
        3.52900000       -0.11636000
        1.05400000        0.27991900
        0.41180000        0.58548100
        0.15520000        0.28402800
$ P-TYPE FUNCTIONS
     6   1  0
       49.33000000        0.00553300
       11.37000000        0.03796200
        3.43500000        0.14902800
        1.18200000        0.34892200
        0.41730000        0.45897200
        0.14280000        0.24492300
a 8
$ Z=8
$ S-TYPE FUNCTIONS
    12   1  0
    61420.00000000       -0.00002000
     9199.00000000       -0.00015900
     2091.00000000       -0.00082900
      590.90000000       -0.00350800
      192.30000000       -0.01215600
       69.32000000       -0.03626100
       26.97000000       -0.08299200
       11.10000000       -0.15209000
        4.68200000       -0.11533100
        1.42800000        0.28897900
        0.55470000        0.58612800
        0.20670000        0.27762400
$ P-TYPE FUNCTIONS
     6   1  0
       63.42000000        0.00604400
       14.66000000        0.04179900
        4.45900000        0.16114300
        1.53100000        0.35673100
        0.53020000        0.44830900
        0.17500000        0.24494000
a 9
$ Z=9
$ S-TYPE FUNCTIONS
    12   1  0
    74530.00000000       -0.00002200
    11170.00000000       -0.00017200
     2543.00000000       -0.00089100
      721.00000000       -0.00374800
      235.90000000       -0.01286200
       85.60000000       -0.03806100
       33.55000000       -0.08623900
       13.93000000       -0.15586500
        5.91500000       -0.11091400
        1.84300000        0.29876100
        0.71240000        0.58501300
        0.26370000        0.27115900
$ P-TYPE FUNCTIONS
     6   1  0
       80.39000000        0.00634700
       18.63000000        0.04420400
        5.69400000        0.16851400
        1.95300000        0.36156300
        0.67020000        0.44217800
        0.21660000        0.24343500
a 10
$ Z=10
$ S-TYPE FUNCTIONS
    12   1  0
    99920.00000000       -0.00002000
    14960.00000000       -0.00015800
     3399.00000000       -0.00082400
      958.90000000       -0.00350000
      311.20000000       -0.01223300
      111.70000000       -0.03701700
       43.32000000       -0.08611300
       17.80000000       -0.15838100
        7.50300000       -0.11428800
        2.33700000        0.29819100
        0.90010000        0.58578400
        0.33010000        0.27246700
$ P-TYPE FUNCTIONS
     6   1  0
       99.68000000        0.00656600
       23.15000000        0.04597900
        7.10800000        0.17341900
        2.44100000        0.36457100
        0.83390000        0.43818500
        0.26620000        0.24168000
$ D-TYPE FUNCTIONS
     1   1  0
        2.20200000        1.00000000
a 11
$ Z=11
$ S-TYPE FUNCTIONS
    19   1  0
  1224000.00000000        0.00000018
   183200.00000000        0.00000137
    41700.00000000        0.00000720
    11810.00000000        0.00003033
     3853.00000000        0.00011075
     1391.00000000        0.00035860
      542.50000000        0.00106272
      224.90000000        0.00282687
       97.93000000        0.00676742
       44.31000000        0.01364800
       20.65000000        0.02228140
        9.72900000        0.01960110
        4.22800000       -0.01677080
        1.96900000       -0.07737340
        0.88900000       -0.11350100
        0.39640000       -0.13913000
        0.06993000        0.44008300
        0.03289000        0.53895200
        0.01612000        0.13388900
$ P-TYPE FUNCTIONS
    12   1  0
      413.40000000       -0.00009017
       97.98000000       -0.00073934
       31.37000000       -0.00357309
       11.62000000       -0.01201420
        4.67100000       -0.02671780
        1.91800000       -0.03927530
        0.77750000       -0.03760830
        0.30130000       -0.04332280
        0.22750000        0.05180030
        0.07527000        0.26019400
        0.03126000        0.54968100
        0.01342000        0.28187200
a 12
$ Z=12
$ S-TYPE FUNCTIONS
    16   1  0
   327600.00000000        0.00000151
    49050.00000000        0.00001171
    11150.00000000        0.00006190
     3152.00000000        0.00026009
     1025.00000000        0.00094622
      368.80000000        0.00296595
      143.20000000        0.00821245
       58.96000000        0.01839770
       25.40000000        0.03266570
       11.15000000        0.02573150
        4.00400000       -0.05353510
        1.70100000       -0.15689500
        0.70600000       -0.20665900
        0.14100000        0.32429800
        0.06808000        0.55261100
        0.03063000        0.26035200
$ P-TYPE FUNCTIONS
    12   1  0
      539.60000000       -0.00013208
      127.90000000       -0.00109538
       41.02000000       -0.00539495
       15.25000000       -0.01855720
        6.16600000       -0.04273750
        2.56100000       -0.06476840
        1.06000000       -0.06278180
        0.41760000       -0.02449120
        0.26900000        0.10476100
        0.12230000        0.35890900
        0.05476000        0.49250100
        0.02388000        0.18528000
a 13
$ Z=13
$ S-TYPE FUNCTIONS
    16   1  0
   419600.00000000        0.00000167
    62830.00000000        0.00001296
    14290.00000000        0.00006851
     4038.00000000        0.00028827
     1312.00000000        0.00105276
      470.50000000        0.00333878
      181.80000000        0.00939217
       74.46000000        0.02160470
       31.90000000        0.03958730
       13.96000000        0.03491800
        5.18000000       -0.05284150
        2.26500000       -0.19187800
        0.96640000       -0.25411500
        0.24470000        0.27507000
        0.11840000        0.60474300
        0.05021000        0.28762900
$ P-TYPE FUNCTIONS
    11   1  0
      891.30000000       -0.00008887
      211.30000000       -0.00074582
       68.28000000       -0.00387025
       25.70000000       -0.01393500
       10.63000000       -0.03668600
        4.60200000       -0.06277970
        2.01500000       -0.07896020
        0.87060000       -0.02885890
        0.29720000        0.23825600
        0.11000000        0.55136300
        0.03989000        0.35438500
$ D-TYPE FUNCTIONS
     1   1  0
        0.18900000        1.00000000
a 14
$ Z=14
$ S-TYPE FUNCTIONS
    16   1  0
   513000.00000000        0.00000178
    76820.00000000        0.00001381
    17470.00000000        0.00007300
     4935.00000000        0.00030767
     1602.00000000        0.00112563
      574.10000000        0.00358435
      221.50000000        0.01017280
       90.54000000        0.02375200
       38.74000000        0.04434830
       16.95000000        0.04190410
        6.45200000       -0.05025040
        2.87400000       -0.21657800
        1.25000000       -0.28644800
        0.35990000        0.26325600
        0.16990000        0.63490000
        0.07066000        0.29083200
$ P-TYPE FUNCTIONS
    11   1  0
     1122.00000000       -0.00009649
      266.00000000       -0.00081197
       85.92000000       -0.00430087
       32.33000000       -0.01575020
       13.37000000       -0.04295410
        5.80000000       -0.07525740
        2.55900000       -0.09714460
        1.12400000       -0.02275070
        0.39880000        0.29198800
        0.15330000        0.55067000
        0.05728000        0.29761800
$ D-TYPE FUNCTIONS
     1   1  0
        0.27500000        1.00000000
a 15
$ Z=15
$ S-TYPE FUNCTIONS
    16   1  0
   615200.00000000        0.00000185
    92120.00000000        0.00001434
    20950.00000000        0.00007572
     5920.00000000        0.00031920
     1922.00000000        0.00116851
      688.00000000        0.00374267
      265.00000000        0.01068170
      108.20000000        0.02526570
       46.22000000        0.04792830
       20.23000000        0.04770960
        7.85900000       -0.04665250
        3.54700000       -0.23496800
        1.56400000       -0.31133700
        0.48880000        0.25710900
        0.22660000        0.65365500
        0.09331000        0.29421200
$ P-TYPE FUNCTIONS
    11   1  0
     1367.00000000       -0.00010083
      324.00000000       -0.00085450
      104.60000000       -0.00457116
       39.37000000       -0.01703270
       16.26000000       -0.04752040
        7.05600000       -0.08527860
        3.13000000       -0.10967600
        1.39400000       -0.01611810
        0.51790000        0.32289300
        0.20320000        0.54573800
        0.07698000        0.26853800
$ D-TYPE FUNCTIONS
     1   1  0
        0.37300000        1.00000000
a 16
$ Z=16
$ S-TYPE FUNCTIONS
    16   1  0
   727800.00000000        0.00000189
   109000.00000000        0.00001469
    24800.00000000        0.00007755
     7014.00000000        0.00032651
     2278.00000000        0.00119686
      814.70000000        0.00384799
      313.40000000        0.01105390
      127.70000000        0.02646450
       54.48000000        0.05087710
       23.85000000        0.05300300
        9.42800000       -0.04255180
        4.29000000       -0.25085300
        1.90900000       -0.33315200
        0.62700000        0.26379600
        0.28730000        0.66684900
        0.11720000        0.28845100
$ P-TYPE FUNCTIONS
    11   1  0
     1546.00000000       -0.00011311
      366.40000000       -0.00095858
      118.40000000       -0.00513471
       44.53000000       -0.01926410
       18.38000000       -0.05359800
        7.96500000       -0.09603330
        3.54100000       -0.11818300
        1.59100000        0.00923194
        0.62050000        0.35884100
        0.24200000        0.52581800
        0.09014000        0.24887200
$ D-TYPE FUNCTIONS
     1   1  0
        0.47900000        1.00000000
a 17
$ Z=17
$ S-TYPE FUNCTIONS
    16   1  0
   834900.00000000        0.00000197
   125000.00000000        0.00001526
    28430.00000000        0.00008061
     8033.00000000        0.00033996
     2608.00000000        0.00124551
      933.90000000        0.00399612
      360.00000000        0.01147510
      147.00000000        0.02755040
       62.88000000        0.05329170
       27.60000000        0.05712460
       11.08000000       -0.03952010
        5.07500000       -0.26434300
        2.27800000       -0.34929100
        0.77750000        0.26967100
        0.35270000        0.67607300
        0.14310000        0.28467900
$ P-TYPE FUNCTIONS
    11   1  0
     1703.00000000       -0.00012827
      403.60000000       -0.00109356
      130.30000000       -0.00583429
       49.05000000       -0.02192580
       20.26000000       -0.06013850
        8.78700000       -0.10692900
        3.91900000       -0.12245400
        1.76500000        0.03836190
        0.72070000        0.38525600
        0.28390000        0.50726500
        0.10600000        0.22721800
$ D-TYPE FUNCTIONS
     1   1  0
        0.60000000        1.00000000
a 18
$ Z=18
$ S-TYPE FUNCTIONS
    16   1  0
   950600.00000000        0.00000202
   142300.00000000        0.00001569
    32360.00000000        0.00008286
     9145.00000000        0.00034926
     2970.00000000        0.00127976
     1064.00000000        0.00410365
      410.80000000        0.01177890
      168.00000000        0.02838680
       71.99000000        0.05524060
       31.67000000        0.06074920
       12.89000000       -0.03620120
        5.92900000       -0.27539800
        2.67800000       -0.36284500
        0.94160000        0.27311800
        0.42390000        0.68289900
        0.17140000        0.28341700
$ P-TYPE FUNCTIONS
    11   1  0
     1890.00000000       -0.00013886
      447.80000000       -0.00118870
      144.60000000       -0.00632553
       54.46000000       -0.02388130
       22.51000000       -0.06492380
        9.77400000       -0.11544400
        4.36800000       -0.12365100
        1.95900000        0.06490550
        0.82600000        0.40363300
        0.32970000        0.49059200
        0.12420000        0.20852800
$ D-TYPE FUNCTIONS
     1   1  0
        0.73800000        1.00000000
a 20
$ Z=20
$ S-TYPE FUNCTIONS
    22   1  0
  7503960.00000000       -0.00000005
  1123486.00000000       -0.00000042
   255663.50000000       -0.00000219
    72416.06000000       -0.00000929
    23626.04000000       -0.00003374
     8529.98600000       -0.00011070
     3327.34100000       -0.00032862
     1380.35400000       -0.00091050
      602.21490000       -0.00228090
      273.88740000       -0.00523095
      128.94510000       -0.01008361
       62.42299000       -0.01561294
       30.57437000       -0.01088338
       13.85522000        0.01995768
        6.83620400        0.08348860
        3.37815300        0.09594951
        1.49190700       -0.06395772
        0.72114000       -0.24522490
        0.33415200       -0.28584670
        0.08238200        0.37013320
        0.04165500        0.59095560
        0.01997300        0.22320820
$ P-TYPE FUNCTIONS
    16   1  0
     9363.01000000        0.00000313
     2216.25500000        0.00002795
      719.75960000        0.00016003
      275.17280000        0.00070417
      116.39240000        0.00246922
       52.77770000        0.00711899
       25.13188000        0.01569017
       12.31416000        0.02578564
        6.16679700        0.02693656
        3.11427900       -0.00485586
        1.51901300       -0.07654212
        0.72543500       -0.11554460
        0.34092600       -0.12127060
        0.14400000        0.12642000
        0.05800000        0.61443090
        0.02316000        0.39408160
$ D-TYPE FUNCTIONS
     7   1  0
       26.27083000        0.00734600
        7.30782000        0.04090100
        2.45498000        0.13006500
        0.88714000        0.24415100
        0.30925000        0.33544500
        0.10316000        0.41197100
        0.03374000        0.28652600
a 21
$ Z=21
$ S-TYPE FUNCTIONS
    22   1  0
  8417909.00000000       -0.00000005
  1260312.00000000       -0.00000042
   286798.40000000       -0.00000219
    81234.69000000       -0.00000926
    26503.11000000       -0.00003372
     9568.70100000       -0.00011039
     3732.49700000       -0.00032871
     1548.42200000       -0.00090843
      675.54200000       -0.00228820
      307.25220000       -0.00523846
      144.66720000       -0.01021547
       70.04387000       -0.01581707
       34.32250000       -0.01162945
       15.61224000        0.02013432
        7.74372200        0.08405086
        3.84426000        0.09848250
        1.71976600       -0.06838523
        0.83252300       -0.23536270
        0.38556400       -0.27769840
        0.09670000        0.29874230
        0.04777800        0.61937230
        0.02236300        0.25632700
$ P-TYPE FUNCTIONS
    18   1  0
    22640.97000000        0.00000100
     5357.54500000        0.00000900
     1740.37300000        0.00005000
      666.61630000        0.00022700
      283.63840000        0.00085300
      129.79760000        0.00268600
       62.67956000        0.00722500
       31.50441000        0.01559000
       16.23525000        0.02630300
        8.51832400        0.03177700
        4.51900500        0.01248300
        2.36659100       -0.05262700
        1.21523500       -0.11402500
        0.61434800       -0.14637100
        0.30074500       -0.01386300
        0.12600400        0.35244400
        0.05484000        0.55045400
        0.02355700        0.22610500
$ D-TYPE FUNCTIONS
    11   1  0
      145.46800000        0.00049400
       43.41880000        0.00419800
       16.57680000        0.01896700
        6.97111000        0.05840800
        3.13347000        0.13760500
        1.45768000        0.23147000
        0.67453800        0.29653000
        0.30516200        0.30520000
        0.13411300        0.23807500
        0.05727000        0.10738600
        0.02335400        0.01173300
a 22
$ Z=22
$ S-TYPE FUNCTIONS
    22   1  0
  9317034.00000000       -0.00000005
  1394971.00000000       -0.00000041
   317453.10000000       -0.00000218
    89921.00000000       -0.00000921
    29338.16000000       -0.00003351
    10592.66000000       -0.00010974
     4132.05600000       -0.00032670
     1714.23500000       -0.00090366
      747.91510000       -0.00227726
      340.19910000       -0.00522676
      160.20600000       -0.01021707
       77.58851000       -0.01591468
       38.04489000       -0.01182814
       17.35362000        0.02011999
        8.64206200        0.08526584
        4.30440400        0.09693489
        1.93771800       -0.07082672
        0.93659400       -0.23597400
        0.43262400       -0.26296130
        0.10735200        0.30112140
        0.05203400        0.61250740
        0.02403800        0.25713680
$ P-TYPE FUNCTIONS
    18   1  0
    25537.33000000        0.00000100
     6042.24300000        0.00000800
     1962.65300000        0.00004900
      751.73380000        0.00022100
      319.88330000        0.00083600
      146.43000000        0.00264100
       70.74861000        0.00715100
       35.59088000        0.01553000
       18.36893000        0.02647900
        9.65865500        0.03198000
        5.13673000        0.01256100
        2.69887200       -0.05299400
        1.38970300       -0.11303900
        0.70316300       -0.14369800
        0.34412300       -0.01033600
        0.14136100        0.35473600
        0.06086300        0.54810100
        0.02590700        0.22529600
$ D-TYPE FUNCTIONS
    11   1  0
      196.94900000        0.00038200
       58.83720000        0.00336800
       22.56540000        0.01624200
        9.57566000        0.05237700
        4.31859000        0.12992800
        2.02327000        0.23123300
        0.94677800        0.30356100
        0.43387600        0.30926800
        0.19227400        0.23164400
        0.08150200        0.10154000
        0.03228500        0.01168400
a 23
$ Z=23
$ S-TYPE FUNCTIONS
    22   1  0
 10251780.00000000       -0.00000005
  1534920.00000000       -0.00000041
   349300.90000000       -0.00000216
    98942.05000000       -0.00000914
    32281.36000000       -0.00003324
    11655.27000000       -0.00010889
     4546.54800000       -0.00032414
     1886.18500000       -0.00089723
      822.94170000       -0.00226210
      374.34390000       -0.00520307
      176.30690000       -0.01019123
       85.40661000       -0.01594820
       41.90435000       -0.01193588
       19.15525000        0.02018344
        9.57161700        0.08610071
        4.78008600        0.09487917
        2.16186000       -0.07309753
        1.04271100       -0.23496320
        0.48028200       -0.25002970
        0.11763800        0.30260960
        0.05617400        0.60616350
        0.02566100        0.25835740
$ P-TYPE FUNCTIONS
    18   1  0
    28563.32000000        0.00000100
     6757.19100000        0.00000800
     2194.65200000        0.00004900
      840.52570000        0.00022100
      357.66660000        0.00083800
      163.75340000        0.00265600
       79.14466000        0.00723300
       39.83858000        0.01580800
       20.58536000        0.02717200
       10.84307000        0.03280100
        5.77796900        0.01233800
        3.04317000       -0.05541800
        1.57023900       -0.11560400
        0.79497500       -0.13909200
        0.38898000        0.00068200
        0.15732700        0.35200900
        0.06656600        0.54220500
        0.02786100        0.23135800
$ D-TYPE FUNCTIONS
    11   1  0
      238.00900000        0.00035000
       71.18960000        0.00313000
       27.39460000        0.01547800
       11.71730000        0.05082900
        5.32480000        0.12754800
        2.51698000        0.23044700
        1.19075000        0.30405800
        0.55180900        0.30836600
        0.24692600        0.22902200
        0.10510000        0.10136000
        0.04139300        0.01296100
a 24
$ Z=24
$ S-TYPE FUNCTIONS
    22   1  0
 11016640.00000000       -0.00000005
  1649423.00000000       -0.00000042
   375358.90000000       -0.00000218
   106323.60000000       -0.00000928
    34689.76000000       -0.00003362
    12524.83000000       -0.00011062
     4885.75200000       -0.00032752
     2026.91800000       -0.00091227
      884.36450000       -0.00228194
      402.31700000       -0.00529451
      189.52710000       -0.01022548
       91.86095000       -0.01618464
       45.12476000       -0.01124211
       20.62512000        0.02096236
       10.31973000        0.09050667
        5.15772300        0.08642079
        2.31262800       -0.07853630
        1.10307900       -0.25260070
        0.49804200       -0.21335790
        0.11824700        0.35779080
        0.05735600        0.56911450
        0.02576000        0.23711380
$ P-TYPE FUNCTIONS
    18   1  0
    31539.89000000        0.00000100
     7460.23400000        0.00000800
     2422.62200000        0.00004800
      927.75470000        0.00021800
      394.80410000        0.00082700
      180.80270000        0.00262600
       87.42393000        0.00717200
       44.03427000        0.01573800
       22.77704000        0.02715400
       12.01547000        0.03263100
        6.41175100        0.01149300
        3.38113600       -0.05607700
        1.74705400       -0.11425200
        0.88500400       -0.13373700
        0.43302800        0.00347300
        0.17341500        0.34516600
        0.07260800        0.54184400
        0.02991500        0.23895800
$ D-TYPE FUNCTIONS
    11   1  0
      268.04000000        0.00036000
       80.22230000        0.00323600
       30.89500000        0.01615300
       13.24810000        0.05341800
        6.04077000        0.13352400
        2.86159000        0.23863700
        1.35545000        0.30945500
        0.62824800        0.30569100
        0.28062300        0.21828900
        0.11866800        0.08969300
        0.04593100        0.00967200
a 25
$ Z=25
$ S-TYPE FUNCTIONS
    22   1  0
 12210500.00000000       -0.00000005
  1828157.00000000       -0.00000040
   416030.30000000       -0.00000210
   117843.60000000       -0.00000888
    38448.14000000       -0.00003231
    13881.71000000       -0.00010586
     5415.00200000       -0.00031516
     2246.46000000       -0.00087301
      980.14630000       -0.00220353
      445.89520000       -0.00508176
      210.05580000       -0.00998883
      101.80460000       -0.01570961
       50.01126000       -0.01183955
       22.93939000        0.02031039
       11.52264000        0.08593055
        5.77633800        0.08897427
        2.62595900       -0.07678891
        1.26032200       -0.22617500
        0.57713000       -0.22718690
        0.13658200        0.30031270
        0.06353500        0.59534190
        0.02852100        0.26329670
$ P-TYPE FUNCTIONS
    18   1  0
    35005.12000000        0.00000100
     8279.46200000        0.00000800
     2688.46500000        0.00004600
     1029.49000000        0.00020800
      438.07080000        0.00079200
      200.61530000        0.00252200
       97.00769000        0.00692800
       48.87052000        0.01529200
       25.29281000        0.02661100
       13.35382000        0.03197800
        7.13178600        0.01122200
        3.76436500       -0.05498800
        1.94626500       -0.11046500
        0.98545500       -0.12816200
        0.48186500        0.00298000
        0.18921200        0.33682400
        0.07798000        0.54244100
        0.03168500        0.24863300
$ D-TYPE FUNCTIONS
    11   1  0
      301.42700000        0.00036100
       90.32880000        0.00325900
       34.83370000        0.01641900
       14.97700000        0.05476000
        6.84983000        0.13672700
        3.25217000        0.24241900
        1.54309000        0.31037600
        0.71564100        0.30217000
        0.31932300        0.21357300
        0.13442800        0.08909400
        0.05157000        0.01085700
a 26
$ Z=26
$ S-TYPE FUNCTIONS
    22   1  0
 13277140.00000000       -0.00000005
  1987888.00000000       -0.00000039
   452387.10000000       -0.00000207
   128143.70000000       -0.00000877
    41809.17000000       -0.00003190
    15095.33000000       -0.00010449
     5888.43800000       -0.00031121
     2442.87600000       -0.00086202
     1065.85700000       -0.00217813
      484.90960000       -0.00502697
      228.45850000       -0.00990811
      110.74530000       -0.01561357
       54.43116000       -0.01187731
       25.01096000        0.02031246
       12.59262000        0.08560291
        6.32320200        0.08702717
        2.88338400       -0.07758197
        1.38286800       -0.22149190
        0.63220100       -0.21962630
        0.14923800        0.28698930
        0.06849400        0.59274340
        0.03038100        0.27622530
$ P-TYPE FUNCTIONS
    18   1  0
    38282.05000000        0.00000100
     9061.55600000        0.00000700
     2944.45000000        0.00004400
     1128.15800000        0.00019700
      480.33800000        0.00075100
      220.13680000        0.00239100
      106.54820000        0.00659500
       53.74262000        0.01457000
       27.86318000        0.02552900
       14.74382000        0.03048500
        7.89335100        0.01085300
        4.17949700       -0.05238500
        2.16566900       -0.10327100
        1.09724000       -0.12124100
        0.53608500        0.00084000
        0.20237400        0.32728800
        0.08174200        0.54422600
        0.03266200        0.25894400
$ D-TYPE FUNCTIONS
    11   1  0
      338.50600000        0.00035600
      101.49200000        0.00322900
       39.18670000        0.01641400
       16.90340000        0.05513300
        7.76296000        0.13750200
        3.69887000        0.24259500
        1.75963000        0.30852300
        0.81665100        0.29981400
        0.36382100        0.21504800
        0.15254100        0.09257700
        0.05799100        0.01190800
a 27
$ Z=27
$ S-TYPE FUNCTIONS
    22   1  0
 14370220.00000000       -0.00000005
  2151540.00000000       -0.00000039
   489625.70000000       -0.00000204
   138690.30000000       -0.00000863
    45249.89000000       -0.00003141
    16337.62000000       -0.00010287
     6373.07300000       -0.00030648
     2643.95800000       -0.00084886
     1153.61400000       -0.00214673
      524.86060000       -0.00495750
      247.30690000       -0.00979218
      119.90630000       -0.01545065
       58.96429000       -0.01181794
       27.13616000        0.02031574
       13.68912000        0.08494754
        6.88277100        0.08455870
        3.14464700       -0.07824438
        1.50626600       -0.21614030
        0.68726800       -0.21206570
        0.16097200        0.27770480
        0.07301700        0.58863420
        0.03207100        0.28659140
$ P-TYPE FUNCTIONS
    18   1  0
    41961.40000000        0.00000100
     9928.30600000        0.00000700
     3224.97100000        0.00004400
     1235.29300000        0.00019900
      525.84690000        0.00076000
      240.97620000        0.00242500
      116.64180000        0.00670600
       58.84834000        0.01489000
       30.52910000        0.02618100
       16.16943000        0.03131000
        8.66423600        0.01084800
        4.59194300       -0.05386200
        2.38104800       -0.10611200
        1.20624600       -0.12177500
        0.58882200        0.00386300
        0.22465800        0.32719800
        0.09043600        0.54196100
        0.03584800        0.26177800
$ D-TYPE FUNCTIONS
    11   1  0
      375.32000000        0.00035600
      112.60400000        0.00323900
       43.51900000        0.01656900
       18.81470000        0.05598300
        8.66491000        0.13940300
        4.13711000        0.24437800
        1.97080000        0.30810700
        0.91500700        0.29726600
        0.40737000        0.21368500
        0.17044400        0.09341400
        0.06437900        0.01248300
a 28
$ Z=28
$ S-TYPE FUNCTIONS
    22   1  0
 15503020.00000000       -0.00000005
  2321071.00000000       -0.00000040
   528180.20000000       -0.00000209
   149604.00000000       -0.00000886
    48809.07000000       -0.00003224
    17622.39000000       -0.00010558
     6874.20100000       -0.00031464
     2851.85700000       -0.00087141
     1244.33400000       -0.00220542
      566.15470000       -0.00509552
      266.78730000       -0.01008237
      129.37520000       -0.01592070
       63.65161000       -0.01222037
       29.33302000        0.02115869
       14.82212000        0.08747304
        7.46051300        0.08511605
        3.41357600       -0.08115683
        1.63288400       -0.21663590
        0.74357900       -0.20769580
        0.17259200        0.26992960
        0.07742000        0.58427110
        0.03370100        0.29579030
$ P-TYPE FUNCTIONS
    18   1  0
    45066.62000000        0.00000100
    10662.64000000        0.00000700
     3463.43100000        0.00004100
     1326.62400000        0.00018600
      564.74140000        0.00071200
      258.82880000        0.00226900
      125.31150000        0.00629100
       63.24233000        0.01393400
       32.82406000        0.02453100
       17.39692000        0.02877000
        9.32439400        0.00878100
        4.93883900       -0.05173100
        2.56202500       -0.09594500
        1.29929400       -0.11067500
        0.63467800        0.00272700
        0.23226200        0.31502700
        0.09154600        0.54281000
        0.03564300        0.27575200
$ D-TYPE FUNCTIONS
    11   1  0
      414.34270000        0.00035000
      124.39260000        0.00320000
       48.11540000        0.01647700
       20.84200000        0.05600100
        9.62210000        0.13923400
        4.60340000        0.24277600
        2.19630000        0.30406900
        1.02060000        0.29331900
        0.45440000        0.21725900
        0.19000000        0.10469900
        0.07150000        0.01733900
a 29
$ Z=29
$ S-TYPE FUNCTIONS
    22   1  0
 16665490.00000000       -0.00000005
  2495213.00000000       -0.00000038
   567850.70000000       -0.00000197
   160853.10000000       -0.00000835
    52481.86000000       -0.00003040
    18948.85000000       -0.00009953
     7391.65500000       -0.00029672
     3066.51700000       -0.00082173
     1337.99400000       -0.00208138
      608.78300000       -0.00481115
      286.89800000       -0.00953768
      139.15300000       -0.01507351
       68.49455000       -0.01161088
       31.60108000        0.02032716
       15.99158000        0.08327403
        8.05651000        0.07953125
        3.69032900       -0.07901524
        1.76290200       -0.20543120
        0.80126900       -0.19851340
        0.18424300        0.26271330
        0.08179300        0.57940310
        0.03530300        0.30541490
$ P-TYPE FUNCTIONS
    18   1  0
    48218.41000000        0.00000100
    11420.55000000        0.00000700
     3713.56900000        0.00004000
     1423.76200000        0.00018200
      606.60410000        0.00069700
      278.25640000        0.00222000
      134.84490000        0.00616300
       68.12254000        0.01363100
       35.40088000        0.02403300
       18.79029000        0.02786200
       10.08356000        0.00797500
        5.34612000       -0.05113300
        2.77522800       -0.09230500
        1.40756400       -0.10645800
        0.68721300        0.00373800
        0.24682200        0.31054100
        0.09622000        0.54190300
        0.03703700        0.28250200
$ D-TYPE FUNCTIONS
    11   1  0
      527.88600000        0.00025600
      158.73300000        0.00237800
       61.55560000        0.01272200
       26.88340000        0.04501200
       12.51750000        0.11719600
        6.06977000        0.21855500
        2.95831900        0.29144800
        1.41412200        0.29713800
        0.65332900        0.23609200
        0.28669200        0.13144400
        0.11501400        0.03434500
a 30
$ Z=30
$ S-TYPE FUNCTIONS
    22   1  0
 17852930.00000000       -0.00000005
  2673038.00000000       -0.00000038
   608324.40000000       -0.00000201
   172317.60000000       -0.00000852
    56222.69000000       -0.00003096
    20299.85000000       -0.00010160
     7918.87100000       -0.00030213
     3285.34000000       -0.00083939
     1433.52400000       -0.00211904
      652.28890000       -0.00492329
      307.43600000       -0.00971366
      149.14660000       -0.01549413
       73.45108000       -0.01170570
       33.92562000        0.02068558
       17.18947000        0.08652477
        8.66659500        0.07840824
        3.97250500       -0.07950591
        1.89466500       -0.21825600
        0.85938500       -0.19573660
        0.19525600        0.31953370
        0.08585400        0.58336950
        0.03678100        0.25112240
$ P-TYPE FUNCTIONS
    18   1  0
    52867.93000000        0.00000100
    12511.79000000        0.00000600
     4065.28600000        0.00003800
     1557.59500000        0.00017300
      663.28920000        0.00066400
      304.15610000        0.00212000
      147.36800000        0.00591600
       74.45469000        0.01315300
       38.71493000        0.02337200
       20.57022000        0.02722100
       11.05425000        0.00833400
        5.87466100       -0.04886000
        3.05293600       -0.08889400
        1.54722500       -0.10361800
        0.75415100        0.00105100
        0.26534900        0.30306400
        0.10206700        0.54272400
        0.03875500        0.29212300
a 31
$ Z=31
$ S-TYPE FUNCTIONS
    21   1  0
 11274500.00000000       -0.00000010
  1688053.00000000       -0.00000090
   384140.80000000       -0.00000460
   108807.00000000       -0.00001930
    35497.69000000       -0.00007050
    12815.10000000       -0.00022900
     4998.10900000       -0.00068350
     2072.88500000       -0.00185050
      903.74580000       -0.00459300
      410.44310000       -0.00983430
      192.60640000       -0.01738490
       92.04968000       -0.01757520
       42.04781000        0.01252540
       21.06922000        0.09034000
       10.44792000        0.11047210
        4.77765800       -0.06121190
        2.28256600       -0.25617680
        1.03530300       -0.26037720
        0.25767400        0.34930760
        0.11917900        0.59563790
        0.05129400        0.23672850
$ P-TYPE FUNCTIONS
    16   1  0
    22059.77000000        0.00000340
     5222.31300000        0.00003000
     1696.06000000        0.00017500
      648.76570000        0.00076420
      275.10270000        0.00274580
      125.34630000        0.00781400
       60.05433000        0.01742150
       29.72377000        0.02648520
       15.03978000        0.01939500
        7.57227300       -0.03131290
        3.73867600       -0.08016340
        1.79678800       -0.10017290
        0.82991000       -0.01058780
        0.27287400        0.28432370
        0.10154000        0.54574770
        0.03765800        0.31406200
$ D-TYPE FUNCTIONS
    11   1  0
      766.43700000        0.00017450
      231.00430000        0.00165770
       89.78124000        0.00928990
       39.54668000        0.03489050
       18.60758000        0.09634530
        9.15128700        0.19557030
        4.56500500        0.28359420
        2.25306600        0.30825150
        1.08672300        0.25196200
        0.50330400        0.13371440
        0.21228300        0.02972860
a 32
$ Z=32
$ S-TYPE FUNCTIONS
    21   1  0
 12360510.00000000       -0.00000010
  1850698.00000000       -0.00000090
   421131.40000000       -0.00000490
   119278.30000000       -0.00002080
    38912.28000000       -0.00007610
    14048.68000000       -0.00024720
     5480.69900000       -0.00073730
     2274.20600000       -0.00199810
      992.24130000       -0.00496400
      450.99970000       -0.01069300
      211.82020000       -0.01908430
      101.41100000       -0.02016430
       46.91409000        0.01083620
       23.50895000        0.09621100
       11.68131000        0.12799790
        5.43452600       -0.05060650
        2.60880800       -0.28529170
        1.19844200       -0.30653590
        0.32980800        0.34904080
        0.15543300        0.61614640
        0.06691300        0.24126480
$ P-TYPE FUNCTIONS
    16   1  0
    24017.47000000        0.00000400
     5685.71700000        0.00003570
     1846.48600000        0.00020800
      706.24980000        0.00091210
      299.45610000        0.00328230
      136.43900000        0.00941390
       65.39015000        0.02109170
       32.39373000        0.03250000
       16.41562000        0.02399720
        8.28778700       -0.03711860
        4.11263400       -0.09881300
        1.99885400       -0.12356590
        0.94429100       -0.01101330
        0.34121100        0.32686380
        0.13435000        0.54619590
        0.05173500        0.26673480
$ D-TYPE FUNCTIONS
    11   1  0
      864.67410000        0.00016450
      261.03760000        0.00156540
      101.77030000        0.00879540
       45.11664000        0.03318520
       21.43069000        0.09195370
       10.65986000        0.18920170
        5.39228700        0.28058920
        2.70449700        0.31174740
        1.32854400        0.25541970
        0.62645200        0.12939540
        0.26601300        0.02586070
a 33
$ Z=33
$ S-TYPE FUNCTIONS
    21   1  0
 13600340.00000000       -0.00000010
  2036507.00000000       -0.00000100
   463432.80000000       -0.00000520
   131259.90000000       -0.00002170
    42819.19000000       -0.00007940
    15457.02000000       -0.00025830
     6028.45800000       -0.00077090
     2500.56000000       -0.00209460
     1090.61500000       -0.00521640
      495.62150000       -0.01131630
      232.81670000       -0.02039350
      111.63120000       -0.02246640
       52.26995000        0.00855900
       26.14988000        0.09956920
       13.01876000        0.14345010
        6.15543200       -0.03719010
        2.95912700       -0.30853680
        1.37387400       -0.34786490
        0.40885000        0.34054040
        0.19451100        0.63810750
        0.08364100        0.24900790
$ P-TYPE FUNCTIONS
    16   1  0
    25570.42000000        0.00000460
     6052.92400000        0.00004120
     1965.70000000        0.00023930
      751.77230000        0.00105310
      318.68140000        0.00378630
      145.14750000        0.01091010
       69.54116000        0.02438530
       34.45138000        0.03764820
       17.46061000        0.02651370
        8.80860900       -0.04454640
        4.37864600       -0.11676810
        2.14440500       -0.14094410
        1.02935000       -0.00121210
        0.40463600        0.36204980
        0.16562200        0.53888610
        0.06561000        0.23358680
$ D-TYPE FUNCTIONS
    11   1  0
      996.97960000        0.00014620
      300.98520000        0.00140340
      117.23470000        0.00801950
       51.95690000        0.03100480
       24.68944000        0.08784780
       12.29517000        0.18522500
        6.24465200        0.28082510
        3.15546000        0.31631980
        1.56804900        0.25711920
        0.74864700        0.12406850
        0.31912500        0.02266530
a 34
$ Z=34
$ S-TYPE FUNCTIONS
    21   1  0
 15011000.00000000       -0.00000010
  2247500.00000000       -0.00000100
   511450.00000000       -0.00000530
   144870.00000000       -0.00002230
    47261.00000000       -0.00008140
    17062.00000000       -0.00026490
     6654.50000000       -0.00079060
     2759.80000000       -0.00215390
     1203.20000000       -0.00538120
      546.53000000       -0.01176940
      256.63000000       -0.02146290
      123.14000000       -0.02469040
       58.26300000        0.00577740
       29.02300000        0.10152090
       14.46500000        0.15785700
        6.93480000       -0.02242190
        3.32990000       -0.32907760
        1.56000000       -0.38734430
        0.49291000        0.34008770
        0.23525000        0.65893560
        0.10037000        0.24921610
$ P-TYPE FUNCTIONS
    16   1  0
    25217.00000000        0.00000580
     5969.90000000        0.00005200
     1938.90000000        0.00029980
      741.66000000        0.00132010
      314.50000000        0.00468570
      143.31000000        0.01337370
       68.65000000        0.02892450
       33.99500000        0.04294540
       17.18500000        0.02232720
        8.57400000       -0.06360310
        4.22060000       -0.14361470
        2.05210000       -0.14472930
        0.96156000        0.06303800
        0.42151000        0.41171090
        0.17626000        0.49727000
        0.07066300        0.19471680
$ D-TYPE FUNCTIONS
    11   1  0
     1143.40000000        0.00013010
      345.33000000        0.00125730
      134.46000000        0.00728820
       59.56700000        0.02886470
       28.28300000        0.08389870
       14.06100000        0.18197710
        7.13900000        0.28260570
        3.61480000        0.32204530
        1.80720000        0.25816330
        0.86944000        0.11808500
        0.37036000        0.01953180
a 35
$ Z=35
$ S-TYPE FUNCTIONS
    21   1  0
 16475000.00000000       -0.00000010
  2466600.00000000       -0.00000100
   561310.00000000       -0.00000540
   158990.00000000       -0.00002270
    51869.00000000       -0.00008270
    18726.00000000       -0.00026940
     7303.60000000       -0.00080420
     3029.10000000       -0.00219490
     1320.80000000       -0.00549390
      600.03000000       -0.01209600
      281.90000000       -0.02226230
      135.54000000       -0.02660630
       64.87000000        0.00275800
       32.12900000        0.10168030
       16.03700000        0.17041320
        7.78490000       -0.00622200
        3.72470000       -0.34525700
        1.75830000       -0.42348400
        0.58331000        0.33547200
        0.27856000        0.67797240
        0.11829000        0.25230800
$ P-TYPE FUNCTIONS
    16   1  0
    26607.00000000        0.00000640
     6298.20000000        0.00005720
     2045.20000000        0.00032970
      782.16000000        0.00145620
      331.63000000        0.00515910
      151.11000000        0.01476170
       72.39200000        0.03176940
       35.86200000        0.04706800
       18.13400000        0.02238710
        9.04300000       -0.07202540
        4.45000000       -0.16264290
        2.16610000       -0.14965030
        0.99628000        0.10645170
        0.45443000        0.43602660
        0.19404000        0.46805230
        0.07899700        0.16915130
$ D-TYPE FUNCTIONS
    11   1  0
     1289.60000000        0.00011900
      389.75000000        0.00115510
      151.76000000        0.00676480
       67.22300000        0.02730170
       31.91300000        0.08092980
       15.85700000        0.17940110
        8.05450000        0.28400860
        4.08870000        0.32667970
        2.05560000        0.25849000
        0.99509000        0.11289460
        0.42313000        0.01726050
a 36
$ Z=36
$ S-TYPE FUNCTIONS
    21   1  0
 18226110.00000000       -0.00000010
  2728802.00000000       -0.00000100
   620997.70000000       -0.00000530
   175899.60000000       -0.00002260
    57387.50000000       -0.00008230
    20717.18000000       -0.00026840
     8078.89000000       -0.00080140
     3349.51700000       -0.00219370
     1459.78100000       -0.00550740
      662.89390000       -0.01222660
      311.39220000       -0.02276170
      149.93750000       -0.02836060
       72.49825000       -0.00075650
       35.56935000        0.10013650
       17.76663000        0.18153320
        8.71238300        0.01118670
        4.14497100       -0.35758430
        1.96964900       -0.45723050
        0.67995200        0.32868050
        0.32450200        0.69515970
        0.13744100        0.25684730
$ P-TYPE FUNCTIONS
    16   1  0
    28600.83000000        0.00000670
     6770.99100000        0.00005960
     2199.04900000        0.00034320
      841.17960000        0.00151900
      356.76630000        0.00538810
      162.63620000        0.01549350
       77.96604000        0.03351760
       38.66149000        0.05019110
       19.57679000        0.02445500
        9.79176100       -0.07529530
        4.83538300       -0.17605340
        2.36812500       -0.15707240
        1.08999600        0.13045790
        0.50458800        0.45022090
        0.21845500        0.45132910
        0.08995900        0.15425190
$ D-TYPE FUNCTIONS
    11   1  0
     1437.77900000        0.00011080
      434.26850000        0.00108280
      168.92700000        0.00640650
       74.77754000        0.02623790
       35.51602000        0.07882350
       17.67105000        0.17706770
        9.00461100        0.28396220
        4.59477300        0.32947020
        2.32648600        0.25890010
        1.13324700        0.10962050
        0.48130700        0.01589050
a 39
$ Z=39
$ S-TYPE FUNCTIONS
    13   1  0
     5177.13000000       -0.00000200
      803.78800000       -0.00001300
      176.85500000       -0.00006300
       24.70940000       -0.00203400
       15.43110000        0.01568900
        9.63706000       -0.04870300
        3.65569000        0.12095400
        2.18879000        0.08579500
        0.96690100       -0.16474100
        0.52033500       -0.31337300
        0.26873800       -0.25051300
        0.09343100        0.33092600
        0.04427800        0.66894000
$ P-TYPE FUNCTIONS
    10   1  0
      107.41100000        0.00009100
        7.82537000        0.04127300
        4.88964000       -0.12075100
        2.63467000       -0.09130900
        1.29064000        0.24671100
        0.68656300        0.45428200
        0.36425400        0.34968900
        0.18807900        0.11460100
        0.09064700        0.01095500
        0.04339300        0.00161300
$ D-TYPE FUNCTIONS
     9   1  0
       44.47070000        0.00013000
       12.22600000        0.00124500
        5.01459000       -0.00641800
        1.66576000        0.05152400
        0.88940000        0.16081000
        0.44923200        0.25925600
        0.21785400        0.31311900
        0.10232400        0.29705100
        0.04684000        0.18656300
a 40
$ Z=40
$ S-TYPE FUNCTIONS
    13   1  0
     5675.24000000       -0.00000200
      863.13400000       -0.00001500
      190.34000000       -0.00006800
       26.90900000       -0.00213500
       16.80390000        0.01646500
       10.49570000       -0.05081000
        3.93168000        0.12939500
        2.40653000        0.08582500
        1.05628000       -0.18026500
        0.57102700       -0.32580400
        0.29585800       -0.22730700
        0.10432500        0.34569500
        0.04856300        0.65824200
$ P-TYPE FUNCTIONS
    10   1  0
      122.61400000        0.00008900
        8.60176000        0.04318900
        5.37567000       -0.12569000
        2.87326000       -0.09845300
        1.43148000        0.26165300
        0.75854200        0.46843700
        0.39833300        0.34311800
        0.20055200        0.10153900
        0.09426300        0.00777500
        0.04397300        0.00146800
$ D-TYPE FUNCTIONS
     9   1  0
       48.64310000        0.00016000
       13.58350000        0.00151300
        5.39453000       -0.00913300
        1.86300000        0.06386900
        1.00792000        0.18937900
        0.51982000        0.28774800
        0.25945500        0.31526100
        0.12559000        0.26087600
        0.05893200        0.14155800
a 41
$ Z=41
$ S-TYPE FUNCTIONS
    13   1  0
     5729.36000000       -0.00000300
      898.75700000       -0.00001700
      203.15400000       -0.00007500
       29.08210000       -0.00225200
       18.15960000        0.01724200
       11.34200000       -0.05286300
        4.22454000        0.13635500
        2.63817000        0.08454100
        1.15099000       -0.19126000
        0.62500000       -0.32963000
        0.32448100       -0.20973600
        0.11413700        0.35379500
        0.05242300        0.64956600
$ P-TYPE FUNCTIONS
    10   1  0
      138.46000000        0.00008700
        9.31238000        0.04608500
        5.82015000       -0.13477200
        3.05896000       -0.10533500
        1.59027000        0.27477600
        0.83613800        0.47923600
        0.43603200        0.33757300
        0.21671600        0.09415800
        0.10188300        0.00623300
        0.04738700        0.00146900
$ D-TYPE FUNCTIONS
     9   1  0
       55.52430000        0.00018000
       15.84300000        0.00156500
        5.79206000       -0.01003600
        2.17768000        0.05851800
        1.22090000        0.18979300
        0.64457700        0.29450900
        0.32781100        0.31747900
        0.16091800        0.25243800
        0.07613100        0.13162000
a 42
$ Z=42
$ S-TYPE FUNCTIONS
    13   1  0
     6711.23000000       -0.00000300
      988.26200000       -0.00001900
      216.29100000       -0.00008400
       31.16170000       -0.00232800
       19.46540000        0.01783400
       12.16030000       -0.05469700
        4.51710000        0.14522800
        2.82032000        0.08058100
        1.26028000       -0.19864700
        0.68001300       -0.33180300
        0.35140600       -0.19457900
        0.12474600        0.34831000
        0.05668700        0.64411100
$ P-TYPE FUNCTIONS
    10   1  0
      152.95800000        0.00008900
       10.04540000        0.04865800
        6.27869000       -0.14291600
        3.25290000       -0.11192400
        1.75619000        0.28725500
        0.91644000        0.48826700
        0.47521000        0.33250400
        0.23404100        0.08794500
        0.10998700        0.00513700
        0.05090000        0.00146900
$ D-TYPE FUNCTIONS
     9   1  0
       64.01940000        0.00016700
       17.55380000        0.00165300
        6.50016000       -0.01329300
        2.40482000        0.06700700
        1.34210000        0.20912900
        0.70782300        0.30969500
        0.36033600        0.31399600
        0.17707700        0.23235100
        0.08366500        0.11193400
a 43
$ Z=43
$ S-TYPE FUNCTIONS
    13   1  0
     7011.08000000       -0.00000300
     1046.10000000       -0.00002200
      230.49300000       -0.00009300
       33.32180000       -0.00241600
       20.81050000        0.01832000
       12.99750000       -0.05600100
        4.83051000        0.15118800
        3.01552000        0.07559700
        1.37062000       -0.20273900
        0.73583600       -0.32485500
        0.37881600       -0.18231700
        0.13354900        0.33729700
        0.06015600        0.63783300
$ P-TYPE FUNCTIONS
    10   1  0
      165.03110000        0.00009400
       10.79570000        0.05096400
        6.74841000       -0.15004900
        3.48249000       -0.11535300
        1.91853000        0.29701000
        1.00188000        0.49018700
        0.52215500        0.32654000
        0.26088200        0.08738400
        0.12127400        0.00606500
        0.05540200        0.00112600
$ D-TYPE FUNCTIONS
     9   1  0
       71.18130000        0.00017500
       19.53190000        0.00172200
        7.23743000       -0.01383200
        2.61134000        0.07406600
        1.47734000        0.21857400
        0.78800500        0.31346000
        0.40493500        0.30790900
        0.20036400        0.22135400
        0.09491100        0.10511000
a 44
$ Z=44
$ S-TYPE FUNCTIONS
    13   1  0
     7269.89000000       -0.00000400
     1087.84000000       -0.00002500
      241.78700000       -0.00010600
       35.45250000       -0.00249700
       22.14150000        0.01884200
       13.82920000       -0.05758100
        5.13213000        0.16045800
        3.17059000        0.06912600
        1.49487000       -0.20397900
        0.80053000       -0.32049800
        0.41163800       -0.17465600
        0.14241700        0.33269600
        0.06356300        0.63032100
$ P-TYPE FUNCTIONS
    10   1  0
      174.30700000        0.00010300
       11.50400000        0.05399400
        7.19176000       -0.16101200
        3.57498000       -0.12903800
        2.13078000        0.31476300
        1.08922000        0.50414100
        0.55863700        0.32527100
        0.27047700        0.07870200
        0.12389600        0.00376300
        0.05582300        0.00128600
$ D-TYPE FUNCTIONS
     9   1  0
       75.37510000        0.00018000
       19.89010000        0.00208400
        7.87924000       -0.01867100
        2.90834000        0.07805400
        1.63883000        0.22632800
        0.87573000        0.31710000
        0.45048300        0.30503600
        0.22277000        0.21515000
        0.10534200        0.09975800
a 45
$ Z=45
$ S-TYPE FUNCTIONS
    13   1  0
     7374.22000000       -0.00000400
     1114.72000000       -0.00002900
      249.93800000       -0.00011900
       37.53150000       -0.00257600
       23.43850000        0.01941100
       14.63790000       -0.05967800
        5.55421000        0.15896800
        3.42242000        0.07382600
        1.64928000       -0.19689100
        0.88322600       -0.31416600
        0.45197000       -0.17687900
        0.15300600        0.31571100
        0.06784900        0.62472200
$ P-TYPE FUNCTIONS
    10   1  0
      186.86200000        0.00010900
       12.30590000        0.05603100
        7.69358000       -0.16759400
        3.77956000       -0.13637300
        2.32326000        0.32518100
        1.18473000        0.50553900
        0.60923700        0.32320400
        0.29682700        0.07882100
        0.13727100        0.00406500
        0.06212600        0.00125000
$ D-TYPE FUNCTIONS
     9   1  0
       80.62040000        0.00023700
       22.12590000        0.00223700
        7.95834000       -0.01765000
        3.19569000        0.07883700
        1.81137000        0.23175000
        0.97138300        0.31922300
        0.50179700        0.30206200
        0.24906800        0.21043500
        0.11797000        0.09661000
a 46
$ Z=46
$ S-TYPE FUNCTIONS
    13   1  0
     7844.89000000       -0.00000500
     1169.53000000       -0.00003300
      259.64400000       -0.00013500
       39.22110000       -0.00271600
       24.49340000        0.02051700
       15.29690000       -0.06368900
        6.03896000        0.15511800
        3.76228000        0.08005200
        1.80710000       -0.18657000
        0.97430500       -0.30549900
        0.49720300       -0.18130900
        0.16202000        0.30397400
        0.07146000        0.61776400
$ P-TYPE FUNCTIONS
    10   1  0
       98.82430000       -0.00005100
       27.98590000        0.00067800
       17.48730000       -0.00667900
        6.78638000        0.05441500
        1.98788000       -0.13820200
        1.06573000       -0.14100000
        0.58382900       -0.10107100
        0.31463600        0.12659300
        0.13573700        0.42112000
        0.06027700        0.47223700
$ D-TYPE FUNCTIONS
     9   1  0
       78.34060000        0.00031900
       21.02350000        0.00316900
        7.51873000       -0.03012800
        3.68933000        0.08205800
        2.01934000        0.24053300
        1.07176000        0.32541400
        0.55166200        0.30094800
        0.27393300        0.20500900
        0.13011100        0.09217700
a 47
$ Z=47
$ S-TYPE FUNCTIONS
    14   1  0
     8123.14000000        0.00001500
     1213.35000000        0.00011000
      268.33900000        0.00042000
       37.79490000        0.01318100
       23.55690000       -0.10457500
       14.68870000        0.32824400
        6.85501000       -0.53605400
        4.15010000       -0.33126500
        1.96708000        0.52209300
        1.05558000        0.67695400
        0.53569100        0.22985300
        0.17143400        0.00999800
        0.07512300        0.00000400
        0.03271400        0.00124900
$ P-TYPE FUNCTIONS
    11   1  0
       99.53390000       -0.00004600
       24.39260000        0.00146500
       15.26910000       -0.01436300
        7.38950000        0.06612600
        2.18914000       -0.13053400
        1.16413000       -0.15069300
        0.61366000       -0.08880000
        0.30660800        0.14401600
        0.13634600        0.42706300
        0.06093700        0.45658800
        0.02696800        0.14787500
$ D-TYPE FUNCTIONS
    10   1  0
       94.28660000        0.00027500
       26.05040000        0.00246000
        8.53321000       -0.02403200
        4.13930000        0.06384300
        2.36760000        0.22476800
        1.29343000        0.31954400
        0.68546900        0.30605300
        0.35115000        0.21315700
        0.17227700        0.09573900
        0.07889500        0.01730800
a 48
$ Z=48
$ S-TYPE FUNCTIONS
    14   1  0
     8793.00000000       -0.00000600
     1304.35000000       -0.00003900
      286.93000000       -0.00016200
       40.94580000       -0.00350000
       25.43420000        0.02773100
       15.82640000       -0.09006900
        7.09153000        0.18211600
        4.41355000        0.06779000
        1.97785000       -0.20515700
        1.05959000       -0.30645600
        0.54287700       -0.14754300
        0.17900100        0.34704500
        0.07758000        0.61364000
        0.03363200        0.23771000
$ P-TYPE FUNCTIONS
    11   1  0
      120.18950000       -0.00004600
       27.95300000        0.00084400
       17.50120000       -0.00981700
        7.82160000        0.05828900
        2.32315000       -0.13017700
        1.23109000       -0.14157400
        0.64862300       -0.08571700
        0.32519400        0.13986500
        0.14252400        0.42108300
        0.06308800        0.46033400
        0.02768000        0.15457800
a 49
$ Z=49
$ S-TYPE FUNCTIONS
    14   1  0
     8931.84000000       -0.00000700
     1352.22000000       -0.00004400
      303.39300000       -0.00017800
       45.12290000       -0.00328700
       28.18220000        0.02629600
       17.60480000       -0.08364700
        6.94058000        0.23304300
        4.33377000        0.03063100
        1.98684000       -0.27072600
        1.04306000       -0.36734500
        0.52925200       -0.12387000
        0.21909900        0.42386800
        0.09804300        0.61994500
        0.04314400        0.19923200
$ P-TYPE FUNCTIONS
    11   1  0
      129.23300000       -0.00003600
       29.62840000        0.00069800
       18.52110000       -0.00880600
        8.28536000        0.05298000
        2.49939000       -0.11530500
        1.32216000       -0.12334500
        0.68870700       -0.08068200
        0.33401600        0.12074400
        0.14256100        0.40139800
        0.06146100        0.47578100
        0.02640100        0.17446600
$ D-TYPE FUNCTIONS
    12   1  0
      295.49200000        0.00004100
       89.43680000        0.00034700
       31.99400000        0.00223000
       12.34220000       -0.01470000
        5.59033000        0.02570700
        3.47729000        0.16344500
        2.02845000        0.28736600
        1.14722000        0.31767300
        0.63053500        0.24858500
        0.33460900        0.12661400
        0.16840800        0.03241500
        0.06920000        0.00190400
a 50
$ Z=50
$ S-TYPE FUNCTIONS
    14   1  0
    11606.90000000       -0.00001100
     1754.80000000       -0.00008000
      397.17800000       -0.00033000
       90.29900000       -0.00086200
       31.48900000        0.01359500
       19.66850000       -0.05919700
        7.06759000        0.23895700
        4.41490000        0.02837700
        2.16356000       -0.29016400
        1.14280000       -0.42385900
        0.57954000       -0.12964000
        0.26078700        0.46689800
        0.11889500        0.62304300
        0.05314200        0.18487700
$ P-TYPE FUNCTIONS
    11   1  0
      195.49500000       -0.00007300
       18.25630000       -0.01263600
       11.40940000        0.03373900
        6.90567000        0.03324200
        2.98206000       -0.11075000
        1.60843000       -0.16317900
        0.83176700       -0.10746100
        0.39373100        0.13040100
        0.18180100        0.42962900
        0.08185000        0.46065800
        0.03599300        0.15034700
$ D-TYPE FUNCTIONS
    12   1  0
      308.50200000        0.00005300
       93.68460000        0.00044100
       34.29250000        0.00257800
       13.71720000       -0.01265100
        6.44947000        0.02676900
        3.88272000        0.15913300
        2.29135000        0.28670000
        1.31127000        0.32300300
        0.73021000        0.24754800
        0.39441100        0.11826300
        0.20318000        0.02868800
        0.08660000        0.00198300
a 51
$ Z=51
$ S-TYPE FUNCTIONS
    14   1  0
    12338.80000000       -0.00001600
     1854.70000000       -0.00011600
      418.44300000       -0.00048000
       99.34300000       -0.00108500
       28.59580000        0.02180400
       17.86480000       -0.10800700
        8.45714000        0.24364600
        5.28412000        0.09369300
        2.32012000       -0.32597200
        1.21051000       -0.48224900
        0.57049400       -0.12291700
        0.30395000        0.51491200
        0.13931800        0.62671600
        0.06319800        0.17394900
$ P-TYPE FUNCTIONS
    11   1  0
      162.89300000       -0.00009300
       30.39960000        0.00049700
       19.00040000       -0.01370800
        9.32256000        0.07533000
        3.01668000       -0.13374000
        1.86219000       -0.11822700
        1.10331000       -0.17082000
        0.58727900        0.07292900
        0.25121800        0.43848200
        0.11184800        0.49597500
        0.04851200        0.16552700
$ D-TYPE FUNCTIONS
    12   1  0
      316.76700000        0.00006600
       95.58930000        0.00055600
       35.11170000        0.00308400
       12.73810000       -0.01668900
        7.95475000        0.01893700
        4.42147000        0.14839000
        2.60282000        0.29206000
        1.48224000        0.33848200
        0.82185800        0.25149900
        0.44205200        0.11005100
        0.22734800        0.02333600
        0.10080000        0.00166800
a 52
$ Z=52
$ S-TYPE FUNCTIONS
    14   1  0
    15746.30000000       -0.00002500
     2369.25000000       -0.00018600
      535.86000000       -0.00078500
      141.88500000       -0.00168700
       27.81970000        0.02318800
       17.38790000       -0.15763800
       10.86560000        0.19920000
        6.56885000        0.19723000
        2.40139000       -0.36955700
        1.28055000       -0.50450900
        0.59006700       -0.13014600
        0.35245800        0.55828500
        0.16180800        0.63400000
        0.07318700        0.16582500
$ P-TYPE FUNCTIONS
    11   1  0
      750.22200000        0.00005200
      163.96100000        0.00041000
       16.92270000        0.08338700
       10.57550000       -0.26821200
        5.70462000       -0.02293200
        2.98022000        0.49554800
        1.51970000        0.51452200
        0.75604900        0.15421800
        0.32796800        0.00886700
        0.14058500        0.00076100
        0.05809600        0.00009200
$ D-TYPE FUNCTIONS
    12   1  0
      325.80800000        0.00008200
       98.42060000        0.00069500
       36.46480000        0.00368100
       12.64060000       -0.01790400
        7.89398000        0.03352600
        4.36581000        0.18714000
        2.52514000        0.32301200
        1.43210000        0.33368300
        0.79410600        0.21309800
        0.42866800        0.07374700
        0.23556500        0.01267800
        0.11560000        0.00163300
a 53
$ Z=53
$ S-TYPE FUNCTIONS
    14   1  0
    16900.00000000       -0.00001900
     2541.39000000       -0.00014200
      574.41300000       -0.00059200
      150.94500000       -0.00124300
       29.16310000        0.02272100
       18.21960000       -0.15770800
       11.33650000        0.20009200
        6.92408000        0.21615200
        2.50981000       -0.41343900
        1.35113000       -0.53458500
        0.61637900       -0.09235200
        0.38345500        0.58846300
        0.18005600        0.61928100
        0.08232700        0.15139900
$ P-TYPE FUNCTIONS
    11   1  0
      649.15900000        0.00009500
      148.08700000        0.00062900
       20.10180000        0.04532400
       10.44660000       -0.23023100
        6.35883000       -0.00496000
        3.04846000        0.51392700
        1.55950000        0.50609300
        0.76891100        0.13165900
        0.35481400        0.00612500
        0.15476600        0.00174600
        0.06469900        0.00009200
$ D-TYPE FUNCTIONS
    12   1  0
      585.44500000        0.00002500
      177.46800000        0.00023100
       69.21930000        0.00117300
       28.63920000        0.00558400
       12.71530000       -0.02383000
        5.47927000        0.11681400
        3.35493000        0.27273100
        1.98423000        0.34017400
        1.15254000        0.26869900
        0.65101700        0.12980900
        0.34744500        0.03304400
        0.15470000        0.00306700
a 54
$ Z=54
$ S-TYPE FUNCTIONS
    14   1  0
    18774.30000000        0.00006800
     2824.81000000        0.00050100
      640.08800000        0.00209700
      172.61600000        0.00449300
       29.51690000       -0.04715100
       18.44480000        0.37403300
       11.52380000       -0.51282600
        6.61890000       -0.47862400
        2.99552000        0.59647100
        1.64937000        0.71539800
        0.86067900        0.15511000
        0.44224600        0.00274300
        0.20818200        0.00142000
        0.09482800        0.00000400
$ P-TYPE FUNCTIONS
    11   1  0
      613.33100000       -0.00004900
      141.71000000       -0.00036100
       20.31060000       -0.02030900
       11.03310000        0.10293800
        6.89513000       -0.02309100
        3.24166000       -0.22312600
        1.66535000       -0.26184800
        0.81978600        0.06727800
        0.38730400        0.47084700
        0.17156600        0.48656000
        0.07264100        0.15973400
$ D-TYPE FUNCTIONS
    12   1  0
      627.68400000        0.00003200
      190.61300000        0.00029800
       74.31500000        0.00154100
       31.44060000        0.00648700
       14.56560000       -0.01486400
        6.13546000        0.12594000
        3.61670000        0.29880200
        2.08465000        0.35226200
        1.19518000        0.24847100
        0.68184800        0.10375000
        0.38072700        0.02675200
        0.16760000        0.00276100
a 72
$ Z=72
$ S-TYPE FUNCTIONS
    13   1  0
       72.43890000       -0.00024400
       45.21620000        0.00279800
       28.22200000       -0.02022500
       17.63850000        0.09435000
       11.02260000       -0.22199700
        6.88490000        0.15146700
        3.54013000        0.18319800
        1.91143000       -0.00373400
        1.11084000       -0.20199200
        0.62107200       -0.33439600
        0.33173600       -0.19973400
        0.11858000        0.39164600
        0.05485200        0.64507100
$ P-TYPE FUNCTIONS
    10   1  0
       27.55150000       -0.00103400
       17.22960000        0.00949900
       10.78080000       -0.03144900
        4.83795000        0.08277000
        1.19140000       -0.14003000
        0.60070800       -0.19257400
        0.30741100       -0.08656200
        0.15622700        0.20690600
        0.07603300        0.46842900
        0.03734200        0.39885600
$ D-TYPE FUNCTIONS
     9   1  0
       47.23220000        0.00000700
       13.10470000        0.00057500
        7.50501000       -0.01654600
        4.51806000        0.06607400
        1.26696000       -0.18790000
        0.62711600       -0.39754500
        0.30156000       -0.27735900
        0.14116000        0.33622300
        0.06420700        0.54719200
a 73
$ Z=73
$ S-TYPE FUNCTIONS
    13   1  0
       73.78130000       -0.00021300
       46.05850000        0.00255900
       28.77290000       -0.01939800
       17.96970000        0.09494300
       11.22630000       -0.23270500
        7.00332000        0.16699800
        3.63341000        0.19278100
        1.91047000       -0.01508100
        1.13251000       -0.23498600
        0.63711500       -0.34870000
        0.34301200       -0.16470200
        0.13042600        0.40336700
        0.05972400        0.63866800
$ P-TYPE FUNCTIONS
    10   1  0
       27.91360000       -0.00098800
       17.45300000        0.00961200
       10.91800000       -0.03383600
        5.03008000        0.08987900
        1.27175000       -0.14967400
        0.65194100       -0.20076300
        0.33935600       -0.08196500
        0.17753600        0.20010600
        0.08638800        0.46612400
        0.04164600        0.41006300
$ D-TYPE FUNCTIONS
     9   1  0
       47.23990000        0.00000500
       13.12120000        0.00105900
        7.94103000       -0.01881000
        4.57891000        0.08000100
        1.37286000       -0.21380500
        0.70060000       -0.42525600
        0.34722100       -0.22770300
        0.16698600        0.39602400
        0.07756800        0.51887800
a 74
$ Z=74
$ S-TYPE FUNCTIONS
    13   1  0
       77.11950000       -0.00018500
       48.19580000        0.00225600
       30.11870000       -0.01764400
       18.77680000        0.08964500
       11.73580000       -0.22276100
        7.27887000        0.15449300
        3.86708000        0.20576800
        1.91273000       -0.01198200
        1.18044000       -0.27424500
        0.64751000       -0.36275500
        0.34320300       -0.12490400
        0.14124500        0.41386300
        0.06402100        0.63268000
$ P-TYPE FUNCTIONS
    10   1  0
       29.78490000       -0.00107300
       18.62600000        0.01013700
       11.65440000       -0.03479000
        5.30657000        0.09283100
        1.33220000       -0.16240000
        0.67935500       -0.20887400
        0.34752200       -0.05388500
        0.17361500        0.24749600
        0.08471700        0.46814800
        0.04145000        0.36823700
$ D-TYPE FUNCTIONS
     9   1  0
       47.60030000        0.00000800
       14.54200000        0.00226400
        9.08132000       -0.02434200
        5.09974000        0.09484200
        1.49629000       -0.24500100
        0.76898100       -0.46483800
        0.38425500       -0.15701500
        0.18563800        0.47778500
        0.08625300        0.47232000
a 75
$ Z=75
$ S-TYPE FUNCTIONS
    13   1  0
       82.36020000        0.00063600
       51.46860000       -0.00643700
       32.16030000        0.04624200
       20.06600000       -0.22749600
       12.46220000        0.54987400
        7.51800000       -0.32037700
        4.15068000       -0.63787100
        1.96434000        0.02699900
        1.22700000        0.69308600
        0.65715300        0.54352600
        0.33870200        0.11553500
        0.14412000        0.00464600
        0.06497100        0.00070700
$ P-TYPE FUNCTIONS
    10   1  0
       32.46900000       -0.00063800
       20.29700000        0.00670700
       12.69410000       -0.02441500
        5.28697000        0.08643100
        1.42024000       -0.16691900
        0.73430100       -0.20140500
        0.38104600       -0.06044100
        0.19714600        0.22244100
        0.09522500        0.45767400
        0.04590800        0.39276100
$ D-TYPE FUNCTIONS
     9   1  0
       47.73820000        0.00004200
       15.03600000       -0.00125200
        9.38759000        0.01444000
        5.16098000       -0.06761200
        1.60275000        0.17179500
        0.83431500        0.31386400
        0.42072600        0.34287000
        0.20475500        0.26556300
        0.09570600        0.13555800
a 76
$ Z=76
$ S-TYPE FUNCTIONS
    13   1  0
       88.20060000        0.00060900
       55.11800000       -0.00576300
       34.44820000        0.03997700
       21.52170000       -0.19282200
       13.40440000        0.43751500
        7.08022000       -0.24026700
        4.33535000       -0.64461300
        2.66460000        0.00806000
        1.32010000        0.71198000
        0.70308600        0.55430000
        0.35850700        0.11385500
        0.15675700        0.00444900
        0.07048700        0.00137100
$ P-TYPE FUNCTIONS
    10   1  0
       34.45380000       -0.00048600
       21.53520000        0.00554700
       13.46670000       -0.02100200
        5.42124000        0.08403700
        1.50720000       -0.16729400
        0.78521200       -0.19104100
        0.41011200       -0.06014100
        0.21313500        0.20882300
        0.10077300        0.45055200
        0.04758600        0.40583200
$ D-TYPE FUNCTIONS
     9   1  0
       46.14550000        0.00006900
       17.44580000       -0.00105200
       10.89080000        0.01003400
        5.40104000       -0.06240200
        1.70494000        0.18012200
        0.89732500        0.32112000
        0.45613000        0.34054100
        0.22325700        0.25667200
        0.10483300        0.12774100
a 77
$ Z=77
$ S-TYPE FUNCTIONS
    13   1  0
       99.39820000        0.00045800
       59.73480000       -0.00460600
       37.30640000        0.03161000
       23.31120000       -0.14287200
       13.49590000        0.39428100
        7.60498000       -0.21275800
        4.53133000       -0.69128700
        2.30871000        0.04458600
        1.36011000        0.72671300
        0.73229800        0.52680500
        0.38135200        0.10825300
        0.16403000        0.00558000
        0.07372900        0.00130600
$ P-TYPE FUNCTIONS
    10   1  0
       36.40970000       -0.00043600
       22.75580000        0.00516300
       14.22840000       -0.02005000
        5.59609000        0.08793100
        1.59730000       -0.17898000
        0.83788800       -0.19805100
        0.44112900       -0.06031200
        0.23446600        0.21438800
        0.11151500        0.45462600
        0.05283600        0.40187200
$ D-TYPE FUNCTIONS
     9   1  0
       52.97310000        0.00006900
       19.05210000       -0.00086900
       11.85980000        0.00884100
        5.71860000       -0.06144400
        1.80575000        0.18974400
        0.95716200        0.32816600
        0.49016600        0.33752000
        0.24164100        0.24746000
        0.11420400        0.11990300
a 78
$ Z=78
$ S-TYPE FUNCTIONS
    13   1  0
      103.61200000        0.00054100
       64.68590000       -0.00428200
       39.84000000        0.02792300
       24.90110000       -0.12154200
       14.00330000        0.35543300
        7.89090000       -0.15349300
        4.84560000       -0.72589700
        2.35012000        0.00975200
        1.46717000        0.74192900
        0.78067100        0.54638300
        0.39469600        0.10461400
        0.17532300        0.00415200
        0.07884200        0.00203600
$ P-TYPE FUNCTIONS
    10   1  0
       37.93800000       -0.00031100
       23.70970000        0.00430800
       14.82360000       -0.01778500
        5.79046000        0.08317800
        1.69556000       -0.16975800
        0.89849400       -0.17381300
        0.47918800       -0.07043000
        0.25659200        0.18363100
        0.11709300        0.44073000
        0.05365500        0.42978900
$ D-TYPE FUNCTIONS
     9   1  0
       64.45130000        0.00006800
       19.35090000       -0.00050400
       12.08330000        0.00830400
        5.95498000       -0.06113900
        1.91737000        0.19649100
        1.02497000        0.33252400
        0.52951300        0.33459200
        0.26330600        0.24082700
        0.12535400        0.11467100
a 79
$ Z=79
$ S-TYPE FUNCTIONS
    14   1  0
     1403.84000000        0.00000900
       98.86550000        0.00074000
       61.61030000       -0.00594300
       38.46700000        0.03844400
       24.02300000       -0.18472200
       14.92510000        0.43265400
        7.39795000       -0.33855000
        4.62192000       -0.60387200
        1.71961000        0.62139800
        0.95560400        0.64138900
        0.49558400        0.17424000
        0.20377000        0.00849300
        0.08833200        0.00159200
        0.03838000        0.00071300
$ P-TYPE FUNCTIONS
    11   1  0
       38.23840000       -0.00035800
       23.89750000        0.00462500
       14.94110000       -0.01949000
        6.09746000        0.08547300
        1.77645000       -0.17602700
        0.94333300       -0.17094500
        0.50758600       -0.07057800
        0.27881900        0.17818300
        0.12656100        0.43759400
        0.05763000        0.43571200
        0.02589400        0.13449800
$ D-TYPE FUNCTIONS
    10   1  0
       63.81120000        0.00008000
       20.75820000       -0.00074800
       12.91430000        0.00951700
        6.35571000       -0.06605400
        2.07087000        0.19465100
        1.13769000        0.32846900
        0.60677800        0.33117800
        0.31244200        0.23827800
        0.15404400        0.11267300
        0.07111900        0.02168600
a 80
$ Z=80
$ S-TYPE FUNCTIONS
    14   1  0
     8630.81000000       -0.00000400
     1283.26000000       -0.00002500
      283.30700000       -0.00009700
       34.66350000       -0.00515200
       21.56380000        0.04842700
       13.40910000       -0.17260800
        7.82027000        0.16461600
        4.88534000        0.21687900
        1.76714000       -0.33331500
        0.96492100       -0.37952600
        0.49186200       -0.09698400
        0.21147700        0.39860800
        0.09138100        0.61676100
        0.03966100        0.22346300
$ P-TYPE FUNCTIONS
    11   1  0
       38.29380000       -0.00029700
       23.92710000        0.00416700
       14.95550000       -0.01926700
        6.31536000        0.08492300
        1.89775000       -0.16856500
        1.02149000       -0.16187500
        0.55187900       -0.07447700
        0.29269700        0.17212800
        0.13049200        0.43389500
        0.05861300        0.43989900
        0.02609700        0.13939800
a 81
$ Z=81
$ S-TYPE FUNCTIONS
    14   1  0
     9675.55000000       -0.00000300
     1471.48000000       -0.00002300
      323.64800000       -0.00010000
       33.80790000       -0.00769400
       21.13160000        0.07352600
       13.20910000       -0.26907600
        8.25611000        0.25946300
        5.10014000        0.22910500
        1.81943000       -0.40616800
        0.96698500       -0.43737300
        0.46635100       -0.05257300
        0.22951800        0.50169700
        0.10407100        0.59653500
        0.04612500        0.16362500
$ P-TYPE FUNCTIONS
    11   1  0
       42.52400000        0.00160500
       21.39570000       -0.02315900
       13.37370000        0.11173800
        6.61337000       -0.34647200
        2.04217000        0.47507300
        1.11449000        0.48633500
        0.59800600        0.20513900
        0.30033700        0.03070900
        0.12977700        0.00183900
        0.05643500        0.00019700
        0.02449300        0.00001600
a 82
$ Z=82
$ S-TYPE FUNCTIONS
    14   1  0
     9368.33000000       -0.00000600
     1366.93000000       -0.00004400
      299.68200000       -0.00018000
       34.85970000       -0.00874200
       21.78890000        0.08099200
       13.62000000       -0.29796200
        8.51295000        0.29574300
        5.30332000        0.24140900
        1.92816000       -0.43888700
        1.03601000       -0.48467700
        0.50127000       -0.04853700
        0.26251900        0.54033900
        0.12216100        0.59410700
        0.05508800        0.15416800
$ P-TYPE FUNCTIONS
    11   1  0
       59.09010000        0.00071600
       20.91970000       -0.02108200
       13.07770000        0.12706100
        6.89910000       -0.37228400
        2.19627000        0.43566300
        1.30486000        0.43573500
        0.77957200        0.26094700
        0.42447700        0.06674700
        0.18073300        0.00442700
        0.07973700        0.00017900
        0.03464900        0.00006100
a 83
$ Z=83
$ S-TYPE FUNCTIONS
    14   1  0
     8131.09000000       -0.00001400
     1225.77000000       -0.00009500
      274.67200000       -0.00034500
       37.61640000       -0.00825200
       23.48040000        0.06791900
       14.10650000       -0.28106500
        8.81305000        0.29328200
        5.50778000        0.26345100
        2.03977000       -0.47777200
        1.09440000       -0.52856600
        0.49152600       -0.01916400
        0.28990300        0.57279300
        0.13819300        0.58317900
        0.06358500        0.14200400
$ P-TYPE FUNCTIONS
    11   1  0
       99.59140000       -0.00010900
       19.89640000        0.00602300
       12.43760000       -0.05752500
        7.77400000        0.13543200
        4.83995000        0.00221000
        2.25478000       -0.19912400
        1.18049000       -0.23631900
        0.59422400       -0.00114200
        0.25797000        0.41437500
        0.11286800        0.53484400
        0.04788500        0.19433600
a 84
$ Z=84
$ S-TYPE FUNCTIONS
    14   1  0
     8913.29000000       -0.00002500
     1338.98000000       -0.00017100
      299.53800000       -0.00063500
       51.14890000       -0.00346100
       23.01560000        0.06703400
       14.37650000       -0.30795700
        8.98279000        0.34752400
        5.61292000        0.25625100
        2.16484000       -0.50382800
        1.17538000       -0.57389400
        0.54487000        0.01230500
        0.31321600        0.61267600
        0.15166200        0.56236200
        0.06999700        0.12194100
$ P-TYPE FUNCTIONS
    11   1  0
      113.55700000       -0.00013300
       20.36390000        0.00568000
       12.72740000       -0.06116700
        7.94984000        0.15324400
        4.96477000       -0.00740000
        2.30130000       -0.23483800
        1.19545000       -0.25483900
        0.59289700        0.05047300
        0.27327700        0.45337200
        0.12043400        0.50183500
        0.05121900        0.17025500
$ D-TYPE FUNCTIONS
    11   1  0
      183.44700000        0.00007200
       54.11330000        0.00055600
       14.97580000        0.00920800
        6.92360000       -0.08281800
        3.79859000        0.06475600
        2.30404000        0.30024100
        1.30554000        0.38843600
        0.72709600        0.28089200
        0.40329400        0.11426800
        0.23065100        0.02948700
        0.10930000        0.00375900
a 85
$ Z=85
$ S-TYPE FUNCTIONS
    14   1  0
     9090.28000000       -0.00001900
     1373.07000000       -0.00012700
      307.95000000       -0.00045600
       48.01760000       -0.00367500
       23.90990000        0.06820600
       14.93340000       -0.31739900
        9.33171000        0.36374900
        5.83206000        0.27253700
        2.28787000       -0.53443200
        1.24983000       -0.61289900
        0.57536800        0.06365600
        0.33145900        0.64172500
        0.16336700        0.53236400
        0.07621000        0.10437100
$ P-TYPE FUNCTIONS
    11   1  0
      124.60200000        0.00046800
       20.88990000       -0.01612400
       13.05850000        0.17119600
        8.16061000       -0.40887500
        5.09808000       -0.01640700
        2.37876000        0.58817200
        1.23755000        0.50099700
        0.60832500        0.10855200
        0.28978200        0.00420400
        0.13000400        0.00188100
        0.05609600        0.00002400
$ D-TYPE FUNCTIONS
    11   1  0
      183.91300000        0.00009700
       54.51330000        0.00072900
       15.75160000        0.00946800
        7.02437000       -0.09009100
        4.38674000        0.05644600
        2.56158000        0.28387400
        1.50882000        0.36644500
        0.89215100        0.28445200
        0.51817000        0.14496600
        0.28373200        0.04278100
        0.12700000        0.00422500
a 86
$ Z=86
$ S-TYPE FUNCTIONS
    14   1  0
    12715.60000000       -0.00002800
     1913.30000000       -0.00019500
      429.95600000       -0.00076900
      100.97800000       -0.00149700
       24.47080000        0.04959300
       15.29220000       -0.28955800
        9.55483000        0.36803700
        5.96661000        0.27335700
        2.38939000       -0.57788100
        1.31880000       -0.62968500
        0.62572300        0.09700200
        0.35691100        0.66195900
        0.17753000        0.51686900
        0.08343400        0.09420600
$ P-TYPE FUNCTIONS
    11   1  0
      131.70800000       -0.00023400
       21.40160000        0.00436600
       13.38260000       -0.06535000
        8.36880000        0.18232700
        5.22945000       -0.02367200
        2.47685000       -0.28994500
        1.30180000       -0.28006200
        0.64571000        0.12699600
        0.31289700        0.49490500
        0.14285300        0.45550900
        0.06255600        0.13414200
$ D-TYPE FUNCTIONS
    11   1  0
      183.73000000        0.00012900
       54.68970000        0.00094900
       16.42550000        0.01010000
        7.30500000       -0.08730900
        4.27477000        0.07145200
        2.61142000        0.29537800
        1.56674000        0.35873100
        0.96097900        0.25612000
        0.59653500        0.13701800
        0.34202800        0.05144700
        0.15160000        0.00562800
